Started recording 1. No limit specified, using maxsize=250MB as default.

Use jcmd 39190 JFR.dump name=1 to copy recording data to file.
TLC2 Version 2.15 of Day Month 20?? (rev: 89d72ba)
Running breadth-first search Model-Checking with fp 63 and seed 2098055322338813429 with 96 workers on 128 cores with 27305MB heap and 65536MB offheap memory [pid: 39190] (Linux 5.3.0-1020-azure amd64, Azul Systems, Inc. 14.0.1 x86_64, OffHeapDiskFPSet, DiskStateQueue).
Parsing file /mnt/markus/tlc-scalability/2020-05-05_m128/MC.tla
Parsing file /mnt/markus/tlc-scalability/2020-05-05_m128/Bakery.tla
Parsing file /tmp/TLC.tla
Parsing file /tmp/Naturals.tla
Parsing file /tmp/Sequences.tla
Parsing file /tmp/FiniteSets.tla
Semantic processing of module Naturals
Semantic processing of module Sequences
Semantic processing of module FiniteSets
Semantic processing of module TLC
Semantic processing of module Bakery
Semantic processing of module MC
Starting... (2020-05-05 19:24:25)
Loaded PageQueue (MemLimit=512, PageSize=4096)

Computing initial states...
Finished computing initial states: 1 distinct state generated at 2020-05-05 19:24:27.
Levels: [20, 22, 21, 20, 21, 23, 23, 20, 22, 19, 21, 22, 21, 21, 21, 22, 21, 21, 21, 22, 22, 21, 21, 22, 20, 20, 21, 23, 22, 22, 21, 22, 21, 22, 23, 22, 22, 21, 21, 21, 22, 23, 22, 22, 22, 20, 23, 21, 20, 21, 21, 22, 22, 22, 21, 22, 21, 20, 21, 21, 20, 20, 22, 20, 22, 21, 21, 22, 22, 22, 22, 21, 21, 22, 21, 20, 22, 20, 21, 20, 22, 21, 23, 19, 22, 23, 20, 22, 22, 21, 21, 22, 21, 21, 22, 21]
Levels: [20, 22, 21, 20, 21, 23, 23, 20, 22, 19, 21, 22, 21, 21, 21, 22, 21, 21, 21, 22, 22, 21, 21, 22, 20, 20, 21, 23, 22, 22, 21, 22, 21, 22, 23, 22, 22, 21, 21, 21, 22, 23, 22, 22, 22, 20, 23, 21, 20, 21, 21, 22, 22, 22, 21, 22, 21, 20, 21, 21, 20, 20, 22, 20, 22, 21, 21, 22, 22, 22, 22, 21, 21, 22, 21, 20, 22, 20, 21, 20, 22, 21, 23, 19, 22, 23, 20, 22, 22, 21, 21, 22, 21, 21, 22, 21]
Progress(23) at 2020-05-05 19:24:31: 13,624,946 states generated (13,624,946 s/min), 2,844,493 distinct states found (2,844,493 ds/min), 3,400,000 states left on queue.
Levels: [20, 22, 21, 20, 21, 23, 23, 20, 22, 19, 21, 22, 21, 21, 21, 22, 21, 21, 21, 22, 22, 21, 21, 22, 20, 20, 21, 23, 22, 22, 21, 22, 21, 22, 23, 22, 22, 21, 21, 21, 22, 23, 22, 22, 22, 21, 23, 21, 20, 21, 21, 22, 22, 22, 21, 22, 21, 20, 21, 21, 20, 20, 22, 20, 22, 21, 21, 22, 22, 22, 22, 21, 21, 22, 21, 20, 22, 20, 21, 20, 22, 21, 23, 19, 22, 23, 20, 22, 22, 21, 21, 22, 21, 21, 22, 21]
Levels: [30, 30, 30, 30, 30, 30, 30, 30, 30, 30, 30, 30, 29, 30, 30, 30, 30, 30, 30, 30, 30, 30, 30, 30, 30, 30, 30, 30, 30, 30, 30, 29, 30, 30, 30, 30, 30, 30, 30, 30, 30, 30, 30, 30, 30, 30, 30, 30, 30, 30, 30, 30, 30, 30, 30, 30, 30, 30, 30, 30, 30, 30, 30, 30, 30, 30, 30, 30, 30, 30, 30, 30, 30, 30, 30, 30, 30, 30, 30, 30, 30, 30, 30, 30, 30, 30, 30, 30, 30, 30, 30, 30, 30, 30, 30, 30]
Levels: [30, 30, 30, 30, 30, 30, 30, 30, 30, 30, 30, 30, 29, 30, 30, 30, 30, 30, 30, 30, 30, 30, 30, 30, 30, 30, 30, 30, 30, 30, 30, 29, 30, 30, 30, 30, 30, 30, 30, 30, 30, 30, 30, 30, 30, 30, 30, 30, 30, 30, 30, 30, 30, 30, 30, 30, 30, 30, 30, 30, 30, 30, 30, 30, 30, 30, 30, 30, 30, 30, 30, 30, 30, 30, 30, 30, 30, 30, 30, 30, 30, 30, 30, 30, 30, 30, 30, 30, 30, 30, 30, 30, 30, 30, 30, 30]
Progress(30) at 2020-05-05 19:25:31: 717,172,778 states generated (703,547,832 s/min), 107,377,709 distinct states found (104,533,216 ds/min), 9,306,000,000 states left on queue.
Levels: [30, 30, 30, 30, 30, 30, 30, 30, 30, 30, 30, 30, 29, 30, 30, 30, 30, 30, 30, 30, 30, 30, 30, 30, 30, 30, 30, 30, 30, 30, 30, 29, 30, 30, 30, 30, 30, 30, 30, 30, 30, 30, 30, 30, 30, 30, 30, 30, 30, 30, 30, 30, 30, 30, 30, 30, 30, 30, 30, 30, 30, 30, 30, 30, 30, 30, 30, 30, 30, 30, 30, 30, 30, 30, 30, 30, 30, 30, 30, 30, 30, 30, 30, 30, 30, 30, 30, 30, 30, 30, 30, 30, 30, 30, 30, 30]
Levels: [31, 31, 32, 31, 32, 32, 31, 32, 32, 31, 32, 31, 32, 32, 32, 32, 32, 32, 31, 32, 31, 32, 31, 32, 31, 32, 31, 31, 32, 31, 31, 31, 31, 31, 32, 31, 31, 31, 32, 31, 31, 32, 31, 31, 31, 31, 32, 32, 31, 32, 31, 32, 31, 32, 31, 32, 31, 31, 31, 32, 31, 32, 32, 32, 31, 32, 32, 31, 31, 31, 31, 31, 31, 32, 32, 32, 32, 32, 31, 32, 31, 31, 32, 31, 31, 31, 32, 31, 31, 31, 32, 31, 31, 32, 32, 31]
Levels: [31, 31, 32, 31, 32, 32, 31, 32, 32, 31, 32, 31, 32, 32, 32, 32, 32, 32, 31, 32, 31, 32, 31, 32, 31, 32, 31, 31, 32, 31, 31, 31, 31, 31, 32, 31, 31, 31, 32, 31, 31, 32, 31, 31, 31, 31, 32, 32, 31, 32, 31, 32, 31, 32, 31, 32, 31, 31, 31, 32, 31, 32, 32, 32, 31, 32, 32, 31, 31, 31, 31, 31, 31, 32, 32, 32, 32, 32, 31, 32, 31, 31, 32, 31, 31, 31, 32, 31, 31, 31, 32, 31, 31, 32, 32, 31]
Progress(32) at 2020-05-05 19:26:31: 1,426,405,307 states generated (709,232,529 s/min), 202,174,112 distinct states found (94,796,403 ds/min), 15,391,000,000 states left on queue.
Levels: [31, 31, 32, 31, 32, 32, 31, 32, 32, 31, 32, 31, 32, 32, 32, 32, 32, 32, 31, 32, 31, 32, 31, 32, 31, 32, 31, 31, 32, 31, 31, 31, 31, 31, 32, 31, 31, 31, 32, 31, 31, 32, 31, 31, 31, 31, 32, 32, 31, 32, 31, 32, 31, 32, 31, 32, 31, 31, 31, 32, 31, 32, 32, 32, 31, 32, 32, 31, 31, 31, 31, 31, 31, 32, 32, 32, 32, 32, 31, 32, 31, 31, 32, 31, 31, 31, 32, 31, 31, 31, 32, 31, 31, 32, 32, 31]
Levels: [32, 33, 33, 33, 33, 33, 32, 33, 33, 33, 33, 33, 33, 33, 33, 33, 33, 33, 33, 33, 33, 33, 32, 33, 33, 33, 33, 33, 33, 33, 33, 33, 32, 33, 33, 33, 33, 33, 33, 33, 33, 33, 33, 33, 33, 33, 33, 33, 33, 32, 32, 33, 32, 33, 33, 33, 33, 32, 33, 32, 33, 32, 33, 33, 33, 33, 33, 33, 32, 33, 33, 33, 33, 33, 33, 33, 33, 33, 33, 33, 33, 33, 33, 33, 33, 32, 33, 33, 33, 33, 33, 33, 33, 33, 33, 33]
Levels: [32, 33, 33, 33, 33, 33, 32, 33, 33, 33, 33, 33, 33, 33, 33, 33, 33, 33, 33, 33, 33, 33, 32, 33, 33, 33, 33, 33, 33, 33, 33, 33, 32, 33, 33, 33, 33, 33, 33, 33, 33, 33, 33, 33, 33, 33, 33, 33, 33, 32, 32, 33, 32, 33, 33, 33, 33, 32, 33, 32, 33, 32, 33, 33, 33, 33, 33, 33, 32, 33, 33, 33, 33, 33, 33, 33, 33, 33, 33, 33, 33, 33, 33, 33, 33, 32, 33, 33, 33, 33, 33, 33, 33, 33, 33, 33]
Progress(33) at 2020-05-05 19:27:31: 2,116,086,622 states generated (689,681,315 s/min), 296,295,315 distinct states found (94,121,203 ds/min), 20,881,000,000 states left on queue.
Levels: [32, 33, 33, 33, 33, 33, 32, 33, 33, 33, 33, 33, 33, 33, 33, 33, 33, 33, 33, 33, 33, 33, 32, 33, 33, 33, 33, 33, 33, 33, 33, 33, 32, 33, 33, 33, 33, 33, 33, 33, 33, 33, 33, 33, 33, 33, 33, 33, 33, 32, 32, 33, 32, 33, 33, 33, 33, 32, 33, 32, 33, 32, 33, 33, 33, 33, 33, 33, 32, 33, 33, 33, 33, 33, 33, 33, 33, 33, 33, 33, 33, 33, 33, 33, 33, 32, 33, 33, 33, 33, 33, 33, 33, 33, 33, 33]
Levels: [33, 33, 34, 34, 33, 34, 34, 33, 34, 34, 34, 34, 33, 34, 33, 33, 33, 33, 34, 33, 34, 34, 33, 34, 34, 34, 34, 33, 33, 33, 34, 34, 33, 34, 34, 33, 33, 33, 34, 34, 34, 33, 34, 33, 33, 34, 33, 33, 34, 34, 33, 34, 34, 33, 34, 34, 34, 33, 34, 33, 33, 34, 34, 33, 34, 34, 34, 34, 34, 33, 34, 34, 33, 34, 33, 33, 34, 33, 33, 34, 33, 33, 33, 34, 34, 34, 33, 33, 33, 34, 34, 33, 34, 34, 34, 33]
Levels: [33, 33, 34, 34, 33, 34, 34, 33, 34, 34, 34, 34, 33, 34, 33, 33, 33, 33, 34, 33, 34, 34, 33, 34, 34, 34, 34, 33, 33, 33, 34, 34, 33, 34, 34, 33, 33, 33, 34, 34, 34, 33, 34, 33, 33, 34, 33, 33, 34, 34, 33, 34, 34, 33, 34, 34, 34, 33, 34, 33, 33, 34, 34, 33, 34, 34, 34, 34, 34, 33, 34, 34, 33, 34, 33, 33, 34, 33, 33, 34, 33, 33, 33, 34, 34, 34, 33, 33, 33, 34, 34, 33, 34, 34, 34, 33]
Progress(34) at 2020-05-05 19:28:31: 2,786,748,098 states generated (670,661,476 s/min), 390,414,045 distinct states found (94,118,730 ds/min), 26,082,000,000 states left on queue.
Levels: [33, 33, 34, 34, 33, 34, 34, 33, 34, 34, 34, 34, 33, 34, 33, 33, 33, 33, 34, 33, 34, 34, 33, 34, 34, 34, 34, 33, 33, 33, 34, 34, 33, 34, 34, 33, 33, 33, 34, 34, 34, 33, 34, 33, 33, 34, 33, 33, 34, 34, 33, 34, 34, 33, 34, 34, 34, 33, 34, 33, 33, 34, 34, 33, 34, 34, 34, 34, 34, 33, 34, 34, 33, 34, 33, 33, 34, 33, 33, 34, 33, 33, 33, 34, 34, 34, 33, 33, 33, 34, 34, 33, 34, 34, 34, 33]
Model checking completed. No error has been found.
  Estimates of the probability that TLC did not check all reachable states
  because two distinct states had the same fingerprint:
  calculated (optimistic):  val = .075
3394718821 states generated, 475043477 distinct states found, 116070000000 states left on queue.
Levels: [34, 34, 34, 34, 34, 34, 34, 34, 34, 34, 34, 34, 34, 34, 34, 34, 34, 34, 34, 34, 34, 34, 34, 34, 34, 34, 34, 34, 34, 34, 34, 34, 34, 34, 34, 34, 34, 34, 34, 34, 34, 34, 34, 34, 34, 34, 34, 34, 34, 34, 34, 34, 34, 34, 34, 34, 34, 34, 34, 34, 34, 34, 34, 34, 34, 34, 34, 34, 34, 34, 34, 34, 34, 34, 34, 34, 34, 34, 34, 34, 34, 34, 34, 34, 34, 34, 34, 34, 34, 34, 34, 34, 34, 34, 34, 34]
The depth of the complete state graph search is 34.
The average outdegree of the complete state graph is 1 (minimum is 0, the maximum 30 and the 95th percentile is 5).
Finished in 304540ms at (2020-05-05 19:29:29)
