Started recording 1. No limit specified, using maxsize=250MB as default.

Use jcmd 41503 JFR.dump name=1 to copy recording data to file.
TLC2 Version 2.15 of Day Month 20?? (rev: 89d72ba)
Running breadth-first search Model-Checking with fp 41 and seed 2294061124582452397 with 128 workers on 128 cores with 27305MB heap and 65536MB offheap memory [pid: 41503] (Linux 5.3.0-1020-azure amd64, Azul Systems, Inc. 14.0.1 x86_64, OffHeapDiskFPSet, DiskStateQueue).
Parsing file /mnt/markus/tlc-scalability/2020-05-05_m128/MC.tla
Parsing file /mnt/markus/tlc-scalability/2020-05-05_m128/Bakery.tla
Parsing file /tmp/TLC.tla
Parsing file /tmp/Naturals.tla
Parsing file /tmp/Sequences.tla
Parsing file /tmp/FiniteSets.tla
Semantic processing of module Naturals
Semantic processing of module Sequences
Semantic processing of module FiniteSets
Semantic processing of module TLC
Semantic processing of module Bakery
Semantic processing of module MC
Starting... (2020-05-05 19:57:19)
Loaded PageQueue (MemLimit=512, PageSize=8192)

Computing initial states...
Finished computing initial states: 1 distinct state generated at 2020-05-05 19:57:22.
Levels: [15, 3, 4, 5, 6, 7, 8, 9, 10, 11, 12, 13, 14, 14, 15, 15, 16, 15, 16, 16, 16, 17, 0, 0, 17, 16, 0, 16, 0, 17, 0, 0, 0, 0, 0, 0, 0, 0, 0, 0, 0, 0, 0, 0, 0, 0, 0, 0, 0, 0, 0, 0, 0, 0, 0, 0, 0, 0, 0, 0, 0, 0, 0, 0, 0, 0, 0, 0, 0, 0, 0, 0, 0, 0, 0, 0, 0, 0, 0, 0, 0, 0, 0, 0, 0, 0, 0, 0, 0, 0, 0, 0, 0, 0, 0, 0, 0, 0, 0, 0, 0, 0, 0, 0, 0, 0, 0, 0, 0, 0, 0, 0, 0, 0, 0, 0, 0, 0, 0, 0, 0, 0, 0, 0, 0, 0, 0, 0]
Levels: [15, 3, 4, 5, 6, 7, 8, 9, 10, 11, 12, 13, 14, 14, 15, 15, 16, 15, 16, 16, 16, 17, 0, 0, 17, 16, 0, 16, 0, 17, 0, 0, 0, 0, 0, 0, 0, 0, 0, 0, 0, 0, 0, 0, 0, 0, 0, 0, 0, 0, 0, 0, 0, 0, 0, 0, 0, 0, 0, 0, 0, 0, 0, 0, 0, 0, 0, 0, 0, 0, 0, 0, 0, 0, 0, 0, 0, 0, 0, 0, 0, 0, 0, 0, 0, 0, 0, 0, 0, 0, 0, 0, 0, 0, 0, 0, 0, 0, 0, 0, 0, 0, 0, 0, 0, 0, 0, 0, 0, 0, 0, 0, 0, 0, 0, 0, 0, 0, 0, 0, 0, 0, 0, 0, 0, 0, 0, 0]
Progress(17) at 2020-05-05 19:57:25: 581,041 states generated (581,041 s/min), 142,201 distinct states found (142,201 ds/min), 0 states left on queue.
Levels: [15, 3, 4, 5, 6, 7, 8, 9, 10, 11, 12, 13, 14, 14, 15, 15, 16, 15, 16, 16, 16, 17, 0, 0, 17, 16, 0, 16, 0, 17, 0, 0, 0, 0, 0, 0, 0, 0, 0, 0, 0, 0, 0, 0, 0, 0, 0, 0, 0, 0, 0, 0, 0, 0, 0, 0, 0, 0, 0, 0, 0, 0, 0, 0, 0, 0, 0, 0, 0, 0, 0, 0, 0, 0, 0, 0, 0, 0, 0, 0, 0, 0, 0, 0, 0, 0, 0, 0, 0, 0, 0, 0, 0, 0, 0, 0, 0, 0, 0, 0, 0, 0, 0, 0, 0, 0, 0, 0, 0, 0, 0, 0, 0, 0, 0, 0, 0, 0, 0, 0, 0, 0, 0, 0, 0, 0, 0, 0]
Levels: [29, 30, 29, 29, 30, 30, 30, 30, 30, 30, 30, 30, 30, 29, 30, 29, 30, 30, 30, 30, 30, 30, 30, 30, 29, 30, 30, 30, 30, 29, 29, 30, 30, 29, 29, 30, 29, 29, 30, 30, 30, 29, 30, 30, 30, 30, 29, 29, 29, 29, 30, 29, 30, 30, 29, 30, 29, 30, 30, 30, 30, 30, 29, 30, 29, 30, 30, 29, 30, 30, 29, 29, 29, 30, 29, 29, 29, 30, 29, 30, 30, 29, 30, 30, 30, 30, 29, 30, 29, 29, 29, 30, 30, 30, 30, 30, 30, 29, 30, 30, 29, 30, 30, 30, 30, 30, 30, 30, 30, 30, 30, 29, 30, 29, 29, 30, 29, 30, 30, 30, 29, 30, 30, 30, 30, 29, 30, 30]
Levels: [29, 30, 29, 29, 30, 30, 30, 30, 30, 30, 30, 30, 30, 29, 30, 29, 30, 30, 30, 30, 30, 30, 30, 30, 29, 30, 30, 30, 30, 29, 29, 30, 30, 29, 29, 30, 29, 29, 30, 30, 30, 29, 30, 30, 30, 30, 29, 29, 29, 29, 30, 29, 30, 30, 29, 30, 29, 30, 30, 30, 30, 30, 29, 30, 29, 30, 30, 29, 30, 30, 29, 29, 29, 30, 29, 29, 29, 30, 29, 30, 30, 29, 30, 30, 30, 30, 29, 30, 29, 29, 29, 30, 30, 30, 30, 30, 30, 29, 30, 30, 29, 30, 30, 30, 30, 30, 30, 30, 30, 30, 30, 29, 30, 29, 29, 30, 29, 30, 30, 30, 29, 30, 30, 30, 30, 29, 30, 30]
Progress(30) at 2020-05-05 19:58:25: 644,941,977 states generated (644,360,936 s/min), 98,680,036 distinct states found (98,537,835 ds/min), 4,351,000,000 states left on queue.
Levels: [29, 30, 29, 29, 30, 30, 30, 30, 30, 30, 30, 30, 30, 29, 30, 29, 30, 30, 30, 30, 30, 30, 30, 30, 29, 30, 30, 30, 30, 29, 29, 30, 30, 29, 29, 30, 29, 29, 30, 30, 30, 29, 30, 30, 30, 30, 29, 29, 29, 29, 30, 29, 30, 30, 29, 30, 29, 30, 30, 30, 30, 30, 29, 30, 29, 30, 30, 29, 30, 30, 29, 29, 29, 30, 29, 29, 29, 30, 29, 30, 30, 29, 30, 30, 30, 30, 29, 30, 29, 29, 29, 30, 30, 30, 30, 30, 30, 29, 30, 30, 29, 30, 30, 30, 30, 30, 30, 30, 30, 30, 30, 29, 30, 29, 29, 30, 29, 30, 30, 30, 29, 30, 30, 30, 30, 29, 30, 30]
Levels: [31, 32, 32, 32, 31, 31, 31, 32, 31, 32, 32, 31, 32, 32, 32, 31, 32, 31, 31, 31, 31, 32, 32, 31, 31, 32, 32, 32, 31, 32, 31, 32, 32, 31, 31, 31, 32, 32, 31, 32, 31, 31, 32, 32, 31, 31, 31, 31, 31, 31, 31, 31, 31, 31, 32, 31, 31, 32, 32, 32, 31, 31, 32, 31, 32, 31, 31, 32, 31, 31, 32, 31, 31, 31, 31, 31, 32, 31, 31, 31, 31, 31, 32, 31, 32, 31, 32, 32, 31, 32, 32, 31, 31, 31, 31, 31, 32, 31, 31, 32, 31, 32, 31, 31, 32, 31, 31, 31, 32, 31, 31, 31, 31, 31, 31, 31, 32, 32, 31, 31, 32, 31, 31, 31, 32, 32, 31, 31]
Levels: [31, 32, 32, 32, 31, 31, 31, 32, 31, 32, 32, 31, 32, 32, 32, 31, 32, 31, 31, 31, 31, 32, 32, 31, 31, 32, 32, 32, 31, 32, 31, 32, 32, 31, 31, 31, 32, 32, 31, 32, 31, 31, 32, 32, 31, 31, 31, 31, 31, 31, 31, 31, 31, 31, 32, 31, 31, 32, 32, 32, 31, 31, 32, 31, 32, 31, 31, 32, 31, 31, 32, 31, 31, 31, 31, 31, 32, 31, 31, 31, 31, 31, 32, 31, 32, 31, 32, 32, 31, 32, 32, 31, 31, 31, 31, 31, 32, 31, 31, 32, 31, 32, 31, 31, 32, 31, 31, 31, 32, 31, 31, 31, 31, 31, 31, 31, 32, 32, 31, 31, 32, 31, 31, 31, 32, 32, 31, 31]
Progress(32) at 2020-05-05 19:59:26: 1,330,605,603 states generated (685,663,626 s/min), 192,205,803 distinct states found (93,525,767 ds/min), 7,450,000,000 states left on queue.
Levels: [31, 32, 32, 32, 31, 31, 31, 32, 31, 32, 32, 31, 32, 32, 32, 31, 32, 31, 31, 31, 31, 32, 32, 31, 31, 32, 32, 32, 31, 32, 31, 32, 32, 31, 31, 31, 32, 32, 31, 32, 31, 31, 32, 32, 31, 31, 31, 31, 31, 31, 31, 31, 31, 31, 32, 31, 31, 32, 32, 32, 31, 31, 32, 31, 32, 31, 31, 32, 31, 31, 32, 31, 31, 31, 31, 31, 32, 31, 31, 31, 31, 31, 32, 31, 32, 31, 32, 32, 31, 32, 32, 31, 31, 31, 31, 31, 32, 31, 31, 32, 31, 32, 31, 31, 32, 31, 31, 31, 32, 31, 31, 31, 31, 31, 31, 31, 32, 32, 31, 31, 32, 31, 31, 31, 32, 32, 31, 31]
Levels: [33, 33, 33, 33, 33, 33, 33, 33, 32, 33, 33, 33, 32, 33, 32, 32, 32, 33, 33, 33, 33, 33, 33, 32, 32, 33, 33, 32, 33, 33, 33, 33, 32, 32, 33, 33, 33, 33, 33, 33, 33, 33, 33, 33, 33, 33, 33, 33, 33, 32, 33, 32, 33, 32, 33, 33, 33, 33, 33, 33, 33, 33, 33, 33, 33, 33, 33, 32, 32, 33, 33, 33, 33, 33, 33, 33, 32, 33, 32, 32, 33, 32, 33, 33, 32, 33, 33, 32, 33, 33, 33, 33, 33, 33, 33, 33, 33, 33, 33, 33, 33, 32, 33, 33, 33, 33, 33, 33, 32, 33, 33, 32, 32, 33, 33, 33, 33, 33, 33, 33, 33, 33, 33, 32, 33, 33, 33, 33]
Levels: [33, 33, 33, 33, 33, 33, 33, 33, 32, 33, 33, 33, 32, 33, 32, 32, 32, 33, 33, 33, 33, 33, 33, 32, 32, 33, 33, 32, 33, 33, 33, 33, 32, 32, 33, 33, 33, 33, 33, 33, 33, 33, 33, 33, 33, 33, 33, 33, 33, 32, 33, 32, 33, 32, 33, 33, 33, 33, 33, 33, 33, 33, 33, 33, 33, 33, 33, 32, 32, 33, 33, 33, 33, 33, 33, 33, 32, 33, 32, 32, 33, 32, 33, 33, 32, 33, 33, 32, 33, 33, 33, 33, 33, 33, 33, 33, 33, 33, 33, 33, 33, 32, 33, 33, 33, 33, 33, 33, 32, 33, 33, 32, 32, 33, 33, 33, 33, 33, 33, 33, 33, 33, 33, 32, 33, 33, 33, 33]
Progress(33) at 2020-05-05 20:00:26: 2,011,257,559 states generated (680,651,956 s/min), 285,097,255 distinct states found (92,891,452 ds/min), 10,168,000,000 states left on queue.
Levels: [33, 33, 33, 33, 33, 33, 33, 33, 32, 33, 33, 33, 32, 33, 32, 32, 32, 33, 33, 33, 33, 33, 33, 32, 32, 33, 33, 32, 33, 33, 33, 33, 32, 32, 33, 33, 33, 33, 33, 33, 33, 33, 33, 33, 33, 33, 33, 33, 33, 32, 33, 32, 33, 32, 33, 33, 33, 33, 33, 33, 33, 33, 33, 33, 33, 33, 33, 32, 32, 33, 33, 33, 33, 33, 33, 33, 32, 33, 32, 32, 33, 32, 33, 33, 32, 33, 33, 32, 33, 33, 33, 33, 33, 33, 33, 33, 33, 33, 33, 33, 33, 32, 33, 33, 33, 33, 33, 33, 32, 33, 33, 32, 32, 33, 33, 33, 33, 33, 33, 33, 33, 33, 33, 32, 33, 33, 33, 33]
Levels: [34, 33, 34, 34, 34, 34, 34, 34, 34, 34, 34, 34, 34, 34, 34, 34, 34, 34, 33, 34, 34, 34, 34, 34, 34, 34, 33, 34, 34, 34, 34, 34, 34, 34, 34, 34, 33, 33, 34, 33, 33, 34, 34, 34, 34, 34, 33, 34, 34, 34, 34, 34, 34, 34, 34, 34, 34, 34, 34, 34, 34, 33, 34, 33, 33, 34, 34, 34, 34, 34, 34, 34, 34, 34, 34, 34, 34, 34, 34, 34, 33, 34, 34, 34, 33, 34, 33, 34, 33, 34, 33, 34, 34, 33, 34, 34, 34, 33, 34, 34, 34, 34, 34, 34, 34, 34, 34, 33, 34, 34, 34, 34, 34, 34, 33, 34, 34, 34, 34, 34, 34, 34, 33, 34, 33, 34, 34, 34]
Levels: [34, 33, 34, 34, 34, 34, 34, 34, 34, 34, 34, 34, 34, 34, 34, 34, 34, 34, 33, 34, 34, 34, 34, 34, 34, 34, 33, 34, 34, 34, 34, 34, 34, 34, 34, 34, 33, 33, 34, 33, 33, 34, 34, 34, 34, 34, 33, 34, 34, 34, 34, 34, 34, 34, 34, 34, 34, 34, 34, 34, 34, 33, 34, 33, 33, 34, 34, 34, 34, 34, 34, 34, 34, 34, 34, 34, 34, 34, 34, 34, 33, 34, 34, 34, 33, 34, 33, 34, 33, 34, 33, 34, 34, 33, 34, 34, 34, 33, 34, 34, 34, 34, 34, 34, 34, 34, 34, 33, 34, 34, 34, 34, 34, 34, 33, 34, 34, 34, 34, 34, 34, 34, 33, 34, 33, 34, 34, 34]
Progress(34) at 2020-05-05 20:01:26: 2,683,491,461 states generated (672,233,902 s/min), 377,839,612 distinct states found (92,742,357 ds/min), 12,761,000,000 states left on queue.
Levels: [34, 33, 34, 34, 34, 34, 34, 34, 34, 34, 34, 34, 34, 34, 34, 34, 34, 34, 33, 34, 34, 34, 34, 34, 34, 34, 33, 34, 34, 34, 34, 34, 34, 34, 34, 34, 33, 33, 34, 33, 33, 34, 34, 34, 34, 34, 33, 34, 34, 34, 34, 34, 34, 34, 34, 34, 34, 34, 34, 34, 34, 33, 34, 33, 33, 34, 34, 34, 34, 34, 34, 34, 34, 34, 34, 34, 34, 34, 34, 34, 33, 34, 34, 34, 33, 34, 33, 34, 33, 34, 33, 34, 34, 33, 34, 34, 34, 33, 34, 34, 34, 34, 34, 34, 34, 34, 34, 33, 34, 34, 34, 34, 34, 34, 33, 34, 34, 34, 34, 34, 34, 34, 33, 34, 33, 34, 34, 34]
Model checking completed. No error has been found.
  Estimates of the probability that TLC did not check all reachable states
  because two distinct states had the same fingerprint:
  calculated (optimistic):  val = .071
3297740656 states generated, 461708077 distinct states found, 56504000000 states left on queue.
Levels: [34, 34, 34, 34, 34, 34, 34, 34, 34, 34, 34, 34, 34, 34, 34, 34, 34, 34, 34, 34, 34, 34, 34, 34, 34, 34, 34, 34, 34, 34, 34, 34, 34, 34, 34, 34, 34, 34, 34, 34, 34, 34, 34, 34, 34, 34, 34, 34, 34, 34, 34, 34, 34, 34, 34, 34, 34, 34, 34, 34, 34, 34, 34, 34, 34, 34, 34, 34, 34, 34, 34, 34, 34, 34, 34, 34, 34, 34, 34, 34, 34, 34, 34, 34, 34, 34, 34, 34, 34, 34, 34, 34, 34, 34, 34, 34, 34, 34, 34, 34, 34, 34, 34, 34, 34, 34, 34, 34, 34, 34, 34, 34, 34, 34, 34, 34, 34, 34, 34, 34, 34, 34, 34, 34, 34, 34, 34, 34]
The depth of the complete state graph search is 34.
The average outdegree of the complete state graph is 1 (minimum is 0, the maximum 31 and the 95th percentile is 5).
Finished in 304263ms at (2020-05-05 20:02:23)
