Started recording 1. No limit specified, using maxsize=250MB as default.

Use jcmd 17084 JFR.dump name=1 to copy recording data to file.
TLC2 Version 2.15 of Day Month 20?? (rev: 89d72ba)
Running breadth-first search Model-Checking with fp 79 and seed -3761249553013384857 with 128 workers on 128 cores with 27305MB heap and 65536MB offheap memory [pid: 17084] (Linux 5.3.0-1020-azure amd64, Azul Systems, Inc. 14.0.1 x86_64, OffHeapDiskFPSet, DiskStateQueue).
Parsing file /mnt/markus/tlc-scalability/2020-05-05_m128/MC.tla
Parsing file /mnt/markus/tlc-scalability/2020-05-05_m128/Bakery.tla
Parsing file /tmp/TLC.tla
Parsing file /tmp/Naturals.tla
Parsing file /tmp/Sequences.tla
Parsing file /tmp/FiniteSets.tla
Semantic processing of module Naturals
Semantic processing of module Sequences
Semantic processing of module FiniteSets
Semantic processing of module TLC
Semantic processing of module Bakery
Semantic processing of module MC
Starting... (2020-05-05 16:26:07)
Loaded PageQueue (MemLimit=512, PageSize=4096)

Computing initial states...
Finished computing initial states: 1 distinct state generated at 2020-05-05 16:26:09.
Levels: [14, 17, 16, 5, 6, 7, 8, 9, 10, 11, 12, 13, 13, 14, 15, 14, 14, 15, 15, 15, 16, 15, 16, 15, 15, 16, 16, 15, 16, 15, 16, 16, 16, 17, 16, 16, 17, 17, 16, 17, 18, 16, 17, 17, 18, 16, 17, 17, 18, 16, 17, 15, 16, 17, 16, 19, 17, 17, 18, 16, 17, 18, 17, 17, 18, 17, 18, 17, 18, 19, 18, 19, 17, 17, 18, 17, 0, 18, 17, 18, 18, 17, 19, 17, 18, 0, 17, 17, 18, 18, 0, 19, 19, 17, 18, 19, 0, 0, 18, 19, 0, 18, 19, 17, 19, 0, 0, 16, 0, 0, 0, 0, 0, 18, 0, 0, 0, 0, 0, 18, 17, 0, 0, 0, 0, 0, 0, 0]
Levels: [14, 17, 16, 5, 6, 7, 8, 9, 10, 11, 12, 13, 13, 14, 15, 14, 14, 15, 15, 15, 16, 15, 16, 15, 15, 16, 16, 15, 16, 15, 16, 16, 16, 17, 16, 16, 17, 17, 16, 17, 18, 16, 17, 17, 18, 16, 17, 17, 18, 16, 17, 15, 16, 17, 16, 19, 17, 17, 18, 16, 17, 18, 17, 17, 18, 17, 18, 17, 18, 19, 18, 19, 17, 17, 18, 17, 0, 18, 17, 18, 18, 17, 19, 17, 18, 0, 17, 17, 18, 18, 0, 19, 19, 17, 18, 19, 0, 0, 18, 19, 0, 18, 19, 17, 19, 18, 0, 16, 0, 18, 17, 0, 0, 18, 0, 0, 0, 0, 0, 18, 17, 0, 0, 0, 0, 0, 0, 0]
Progress(19) at 2020-05-05 16:26:13: 1,700,757 states generated (1,700,757 s/min), 423,431 distinct states found (423,431 ds/min), 0 states left on queue.
Levels: [14, 17, 16, 5, 6, 7, 8, 9, 10, 11, 12, 18, 13, 14, 15, 14, 14, 15, 15, 15, 16, 15, 16, 15, 15, 16, 16, 15, 16, 15, 16, 16, 16, 17, 16, 16, 17, 17, 16, 17, 18, 16, 17, 17, 18, 16, 17, 17, 18, 16, 17, 15, 16, 17, 16, 19, 17, 17, 18, 16, 17, 18, 17, 17, 18, 17, 18, 17, 18, 19, 18, 19, 17, 17, 18, 17, 0, 18, 17, 18, 18, 17, 19, 17, 18, 0, 17, 17, 18, 18, 0, 19, 19, 17, 18, 19, 18, 20, 18, 19, 17, 18, 19, 17, 19, 18, 18, 16, 0, 18, 17, 0, 0, 18, 0, 0, 0, 0, 0, 18, 17, 0, 0, 0, 0, 0, 0, 0]
Levels: [29, 30, 30, 30, 30, 30, 29, 30, 30, 30, 30, 29, 29, 30, 30, 29, 30, 29, 30, 30, 30, 30, 29, 30, 30, 30, 30, 29, 29, 29, 29, 30, 29, 30, 30, 30, 29, 29, 30, 29, 30, 30, 30, 29, 29, 30, 30, 30, 29, 30, 30, 30, 30, 30, 30, 30, 30, 29, 30, 30, 30, 30, 30, 30, 29, 30, 29, 30, 30, 30, 30, 30, 30, 30, 29, 29, 30, 30, 30, 30, 30, 30, 30, 30, 29, 30, 30, 29, 30, 30, 30, 30, 30, 30, 30, 30, 29, 30, 30, 29, 30, 30, 30, 29, 30, 30, 29, 30, 30, 29, 30, 30, 30, 30, 30, 30, 29, 30, 29, 30, 29, 29, 30, 30, 30, 30, 30, 30]
Levels: [29, 30, 30, 30, 30, 30, 29, 30, 30, 30, 30, 29, 29, 30, 30, 29, 30, 29, 30, 30, 30, 30, 29, 30, 30, 30, 30, 29, 29, 29, 29, 30, 29, 30, 30, 30, 29, 29, 30, 29, 30, 30, 30, 29, 29, 30, 30, 30, 29, 30, 30, 30, 30, 30, 30, 30, 30, 29, 30, 30, 30, 30, 30, 30, 29, 30, 29, 30, 30, 30, 30, 30, 30, 30, 29, 29, 30, 30, 30, 30, 30, 30, 30, 30, 29, 30, 30, 29, 30, 30, 30, 30, 30, 30, 30, 30, 29, 30, 30, 29, 30, 30, 30, 29, 30, 30, 29, 30, 30, 29, 30, 30, 30, 30, 30, 30, 29, 30, 29, 30, 29, 29, 30, 30, 30, 30, 30, 30]
Progress(30) at 2020-05-05 16:27:13: 799,986,867 states generated (798,286,110 s/min), 118,392,766 distinct states found (117,969,335 ds/min), 10,214,000,000 states left on queue.
Levels: [29, 30, 30, 30, 30, 30, 29, 30, 30, 30, 30, 29, 29, 30, 30, 29, 30, 29, 30, 30, 30, 30, 29, 30, 30, 30, 30, 29, 29, 29, 29, 30, 29, 30, 30, 30, 29, 29, 30, 29, 30, 30, 30, 29, 29, 30, 30, 30, 29, 30, 30, 30, 30, 30, 30, 30, 30, 29, 30, 30, 30, 30, 30, 30, 29, 30, 29, 30, 30, 30, 30, 30, 30, 30, 29, 29, 30, 30, 30, 30, 30, 30, 30, 30, 29, 30, 30, 29, 30, 30, 30, 30, 30, 30, 30, 30, 29, 30, 30, 29, 30, 30, 30, 29, 30, 30, 29, 30, 30, 29, 30, 30, 30, 30, 30, 30, 29, 30, 29, 30, 29, 29, 30, 30, 30, 30, 30, 30]
Levels: [31, 32, 31, 31, 32, 32, 31, 32, 32, 32, 32, 32, 31, 31, 31, 32, 32, 32, 31, 32, 32, 32, 32, 32, 32, 32, 32, 31, 32, 32, 32, 32, 31, 31, 32, 32, 32, 31, 32, 31, 32, 32, 32, 32, 32, 32, 32, 32, 32, 31, 31, 32, 32, 32, 32, 32, 32, 31, 32, 31, 32, 31, 32, 31, 32, 32, 31, 32, 32, 31, 32, 31, 32, 32, 32, 32, 32, 32, 32, 31, 32, 32, 32, 32, 32, 31, 31, 32, 31, 32, 31, 32, 31, 32, 32, 32, 32, 31, 32, 32, 32, 31, 32, 32, 32, 32, 32, 32, 32, 32, 32, 32, 31, 31, 32, 31, 32, 32, 32, 31, 31, 32, 32, 32, 32, 32, 31, 32]
Levels: [31, 32, 31, 31, 32, 32, 31, 32, 32, 32, 32, 32, 31, 31, 31, 32, 32, 32, 31, 32, 32, 32, 32, 32, 32, 32, 32, 31, 32, 32, 32, 32, 31, 31, 32, 32, 32, 31, 32, 31, 32, 32, 32, 32, 32, 32, 32, 32, 32, 31, 31, 32, 32, 32, 32, 32, 32, 31, 32, 31, 32, 31, 32, 31, 32, 32, 31, 32, 32, 31, 32, 31, 32, 32, 32, 32, 32, 32, 32, 31, 32, 32, 32, 32, 32, 31, 31, 32, 31, 32, 31, 32, 31, 32, 32, 32, 32, 31, 32, 32, 32, 31, 32, 32, 32, 32, 32, 32, 32, 32, 32, 32, 31, 31, 32, 31, 32, 32, 32, 31, 31, 32, 32, 32, 32, 32, 31, 32]
Progress(32) at 2020-05-05 16:28:13: 1,611,018,530 states generated (811,031,663 s/min), 227,719,134 distinct states found (109,326,368 ds/min), 17,051,000,000 states left on queue.
Levels: [31, 32, 31, 31, 32, 32, 31, 32, 32, 32, 32, 32, 31, 31, 31, 32, 32, 32, 31, 32, 32, 32, 32, 32, 32, 32, 32, 31, 32, 32, 32, 32, 31, 31, 32, 32, 32, 31, 32, 31, 32, 32, 32, 32, 32, 32, 32, 32, 32, 31, 31, 32, 32, 32, 32, 32, 32, 31, 32, 31, 32, 31, 32, 31, 32, 32, 31, 32, 32, 31, 32, 31, 32, 32, 32, 32, 32, 32, 32, 31, 32, 32, 32, 32, 32, 31, 31, 32, 31, 32, 31, 32, 31, 32, 32, 32, 32, 31, 32, 32, 32, 31, 32, 32, 32, 32, 32, 32, 32, 32, 32, 32, 31, 31, 32, 31, 32, 32, 32, 31, 31, 32, 32, 32, 32, 32, 31, 32]
Levels: [33, 33, 33, 33, 33, 33, 33, 33, 33, 33, 33, 33, 33, 33, 33, 33, 33, 33, 33, 33, 33, 33, 33, 33, 33, 33, 33, 33, 33, 33, 33, 33, 33, 33, 33, 33, 33, 33, 33, 33, 33, 33, 33, 33, 33, 33, 33, 33, 33, 33, 33, 33, 33, 33, 33, 33, 33, 33, 33, 33, 33, 33, 33, 33, 33, 33, 33, 33, 33, 33, 33, 33, 33, 33, 33, 33, 33, 33, 32, 33, 33, 33, 33, 33, 33, 33, 33, 33, 33, 33, 33, 33, 33, 33, 33, 33, 33, 32, 33, 33, 33, 33, 33, 33, 33, 33, 33, 33, 33, 33, 33, 33, 33, 33, 33, 33, 33, 33, 33, 33, 33, 33, 33, 33, 33, 33, 33, 33]
Levels: [33, 33, 33, 33, 33, 33, 33, 33, 33, 33, 33, 33, 33, 33, 33, 33, 33, 33, 33, 33, 33, 33, 33, 33, 33, 33, 33, 33, 33, 33, 33, 33, 33, 33, 33, 33, 33, 33, 33, 33, 33, 33, 33, 33, 33, 33, 33, 33, 33, 33, 33, 33, 33, 33, 33, 33, 33, 33, 33, 33, 33, 33, 33, 33, 33, 33, 33, 33, 33, 33, 33, 33, 33, 33, 33, 33, 33, 33, 32, 33, 33, 33, 33, 33, 33, 33, 33, 33, 33, 33, 33, 33, 33, 33, 33, 33, 33, 32, 33, 33, 33, 33, 33, 33, 33, 33, 33, 33, 33, 33, 33, 33, 33, 33, 33, 33, 33, 33, 33, 33, 33, 33, 33, 33, 33, 33, 33, 33]
Progress(33) at 2020-05-05 16:29:13: 2,407,455,807 states generated (796,437,277 s/min), 336,532,877 distinct states found (108,813,743 ds/min), 23,197,000,000 states left on queue.
Levels: [33, 33, 33, 33, 33, 33, 33, 33, 33, 33, 33, 33, 33, 33, 33, 33, 33, 33, 33, 33, 33, 33, 33, 33, 33, 33, 33, 33, 33, 33, 33, 33, 33, 33, 33, 33, 33, 33, 33, 33, 33, 33, 33, 33, 33, 33, 33, 33, 33, 33, 33, 33, 33, 33, 33, 33, 33, 33, 33, 33, 33, 33, 33, 33, 33, 33, 33, 33, 33, 33, 33, 33, 33, 33, 33, 33, 33, 33, 32, 33, 33, 33, 33, 33, 33, 33, 33, 33, 33, 33, 33, 33, 33, 33, 33, 33, 33, 32, 33, 33, 33, 33, 33, 33, 33, 33, 33, 33, 33, 33, 33, 33, 33, 33, 33, 33, 33, 33, 33, 33, 33, 33, 33, 33, 33, 33, 33, 33]
Levels: [34, 34, 34, 34, 34, 34, 34, 34, 34, 34, 34, 34, 34, 34, 34, 34, 34, 34, 34, 34, 34, 34, 34, 34, 34, 34, 34, 34, 34, 34, 34, 34, 34, 34, 34, 34, 34, 34, 34, 34, 34, 34, 34, 34, 34, 34, 33, 34, 34, 33, 34, 34, 34, 34, 34, 34, 34, 34, 34, 34, 34, 34, 34, 33, 34, 34, 34, 34, 34, 34, 34, 34, 34, 34, 34, 34, 34, 34, 34, 34, 34, 34, 34, 34, 34, 34, 34, 34, 34, 34, 34, 34, 34, 34, 34, 34, 34, 34, 34, 34, 34, 34, 34, 34, 34, 33, 34, 33, 34, 34, 34, 34, 34, 34, 34, 34, 34, 34, 34, 34, 34, 33, 34, 34, 34, 34, 34, 34]
Levels: [34, 34, 34, 34, 34, 34, 34, 34, 34, 34, 34, 34, 34, 34, 34, 34, 34, 34, 34, 34, 34, 34, 34, 34, 34, 34, 34, 34, 34, 34, 34, 34, 34, 34, 34, 34, 34, 34, 34, 34, 34, 34, 34, 34, 34, 34, 33, 34, 34, 33, 34, 34, 34, 34, 34, 34, 34, 34, 34, 34, 34, 34, 34, 33, 34, 34, 34, 34, 34, 34, 34, 34, 34, 34, 34, 34, 34, 34, 34, 34, 34, 34, 34, 34, 34, 34, 34, 34, 34, 34, 34, 34, 34, 34, 34, 34, 34, 34, 34, 34, 34, 34, 34, 34, 34, 33, 34, 33, 34, 34, 34, 34, 34, 34, 34, 34, 34, 34, 34, 34, 34, 33, 34, 34, 34, 34, 34, 34]
Progress(34) at 2020-05-05 16:30:13: 3,176,802,783 states generated (769,346,976 s/min), 444,801,547 distinct states found (108,268,670 ds/min), 28,861,000,000 states left on queue.
Levels: [34, 34, 34, 34, 34, 34, 34, 34, 34, 34, 34, 34, 34, 34, 34, 34, 34, 34, 34, 34, 34, 34, 34, 34, 34, 34, 34, 34, 34, 34, 34, 34, 34, 34, 34, 34, 34, 34, 34, 34, 34, 34, 34, 34, 34, 34, 33, 34, 34, 33, 34, 34, 34, 34, 34, 34, 34, 34, 34, 34, 34, 34, 34, 33, 34, 34, 34, 34, 34, 34, 34, 34, 34, 34, 34, 34, 34, 34, 34, 34, 34, 34, 34, 34, 34, 34, 34, 34, 34, 34, 34, 34, 34, 34, 34, 34, 34, 34, 34, 34, 34, 34, 34, 34, 34, 33, 34, 33, 34, 34, 34, 34, 34, 34, 34, 34, 34, 34, 34, 34, 34, 33, 34, 34, 34, 34, 34, 34]
Model checking completed. No error has been found.
  Estimates of the probability that TLC did not check all reachable states
  because two distinct states had the same fingerprint:
  calculated (optimistic):  val = .098
3869960995 states generated, 542925753 distinct states found, 132676000000 states left on queue.
Levels: [35, 35, 35, 35, 34, 35, 35, 35, 35, 35, 34, 35, 35, 35, 35, 35, 35, 34, 35, 35, 35, 35, 35, 35, 35, 34, 35, 34, 35, 35, 35, 35, 35, 34, 34, 35, 35, 34, 35, 35, 35, 35, 35, 35, 35, 35, 34, 35, 35, 35, 35, 35, 35, 35, 35, 35, 35, 35, 35, 35, 35, 35, 35, 35, 35, 35, 35, 35, 35, 35, 34, 35, 35, 35, 35, 34, 35, 35, 35, 35, 35, 35, 35, 35, 35, 35, 35, 34, 35, 35, 35, 35, 35, 35, 35, 35, 35, 35, 35, 35, 35, 34, 35, 35, 35, 35, 35, 35, 35, 35, 35, 35, 35, 35, 35, 35, 34, 35, 35, 35, 35, 34, 35, 35, 35, 35, 35, 35]
The depth of the complete state graph search is 35.
The average outdegree of the complete state graph is 1 (minimum is 0, the maximum 31 and the 95th percentile is 5).
Finished in 305071ms at (2020-05-05 16:31:12)
