Started recording 1. No limit specified, using maxsize=250MB as default.

Use jcmd 26362 JFR.dump name=1 to copy recording data to file.
TLC2 Version 2.15 of Day Month 20?? (rev: 89d72ba)
Running breadth-first search Model-Checking with fp 116 and seed 7492624999649641633 with 80 workers on 128 cores with 27305MB heap and 65536MB offheap memory [pid: 26362] (Linux 5.3.0-1020-azure amd64, Azul Systems, Inc. 14.0.1 x86_64, OffHeapDiskFPSet, DiskStateQueue).
Parsing file /mnt/markus/tlc-scalability/2020-05-05_m128/MC.tla
Parsing file /mnt/markus/tlc-scalability/2020-05-05_m128/Bakery.tla
Parsing file /tmp/TLC.tla
Parsing file /tmp/Naturals.tla
Parsing file /tmp/Sequences.tla
Parsing file /tmp/FiniteSets.tla
Semantic processing of module Naturals
Semantic processing of module Sequences
Semantic processing of module FiniteSets
Semantic processing of module TLC
Semantic processing of module Bakery
Semantic processing of module MC
Starting... (2020-05-05 17:42:28)
Loaded PageQueue (MemLimit=512, PageSize=4096)

Computing initial states...
Finished computing initial states: 1 distinct state generated at 2020-05-05 17:42:31.
Levels: [19, 22, 19, 20, 22, 21, 22, 20, 23, 22, 20, 20, 21, 20, 22, 22, 23, 20, 21, 20, 22, 21, 22, 20, 21, 20, 20, 21, 23, 21, 20, 20, 19, 22, 20, 21, 21, 23, 21, 21, 21, 20, 23, 20, 20, 22, 22, 21, 20, 21, 22, 21, 22, 22, 22, 20, 21, 20, 20, 22, 22, 19, 21, 22, 20, 20, 21, 20, 20, 20, 22, 21, 22, 22, 22, 21, 21, 23, 20, 22]
Levels: [19, 22, 19, 20, 22, 21, 22, 20, 23, 22, 20, 20, 21, 20, 22, 22, 23, 20, 21, 20, 22, 21, 22, 20, 21, 20, 20, 21, 23, 21, 20, 20, 19, 22, 20, 21, 21, 23, 21, 21, 21, 20, 23, 20, 20, 22, 22, 21, 20, 21, 22, 21, 22, 22, 22, 20, 21, 20, 20, 22, 22, 19, 21, 22, 20, 20, 21, 20, 20, 20, 22, 21, 22, 22, 22, 21, 21, 23, 20, 22]
Progress(23) at 2020-05-05 17:42:34: 10,719,009 states generated (10,719,009 s/min), 2,262,830 distinct states found (2,262,830 ds/min), 2,820,000 states left on queue.
Levels: [19, 22, 19, 20, 22, 21, 22, 21, 23, 22, 20, 20, 21, 20, 22, 22, 23, 20, 21, 20, 22, 21, 22, 20, 21, 20, 20, 21, 23, 21, 20, 20, 19, 22, 20, 21, 21, 23, 21, 21, 21, 20, 23, 20, 20, 22, 22, 21, 20, 21, 22, 21, 22, 22, 22, 20, 21, 20, 20, 22, 22, 20, 21, 22, 20, 20, 21, 20, 20, 20, 22, 21, 22, 22, 22, 21, 21, 23, 20, 22]
Levels: [30, 30, 30, 30, 30, 30, 30, 30, 30, 30, 30, 30, 30, 30, 30, 30, 30, 30, 30, 31, 30, 30, 30, 30, 31, 31, 30, 30, 30, 30, 30, 31, 30, 30, 30, 30, 30, 30, 30, 30, 30, 30, 30, 30, 30, 30, 30, 30, 30, 30, 30, 30, 30, 30, 30, 30, 30, 30, 30, 30, 30, 30, 30, 30, 30, 30, 30, 30, 30, 30, 30, 30, 30, 30, 30, 30, 30, 30, 30, 30]
Levels: [30, 30, 30, 30, 30, 30, 30, 30, 30, 30, 30, 30, 30, 30, 30, 30, 30, 30, 30, 31, 30, 30, 30, 30, 31, 31, 30, 30, 30, 30, 30, 31, 30, 30, 30, 30, 30, 30, 30, 30, 30, 30, 30, 30, 30, 30, 30, 30, 30, 30, 30, 30, 30, 30, 30, 30, 30, 30, 30, 30, 30, 30, 30, 30, 30, 30, 30, 30, 30, 30, 30, 30, 30, 30, 30, 30, 30, 30, 30, 30]
Progress(31) at 2020-05-05 17:43:34: 699,582,983 states generated (688,863,974 s/min), 105,979,488 distinct states found (103,716,658 ds/min), 9,155,000,000 states left on queue.
Levels: [30, 30, 30, 30, 30, 30, 30, 30, 30, 30, 30, 30, 30, 30, 30, 30, 30, 30, 30, 31, 30, 30, 30, 30, 31, 31, 30, 30, 30, 30, 30, 31, 30, 30, 30, 30, 30, 30, 30, 30, 30, 30, 30, 30, 30, 30, 30, 30, 30, 30, 30, 30, 30, 30, 30, 30, 30, 30, 30, 30, 30, 30, 30, 30, 30, 30, 30, 30, 30, 30, 30, 30, 30, 30, 30, 30, 30, 30, 30, 30]
Levels: [32, 32, 32, 32, 32, 32, 32, 32, 32, 32, 32, 32, 32, 32, 32, 32, 32, 32, 32, 32, 32, 32, 32, 32, 32, 32, 32, 32, 32, 32, 32, 32, 32, 32, 32, 32, 31, 32, 32, 32, 32, 32, 32, 32, 32, 32, 32, 32, 32, 31, 32, 32, 31, 32, 32, 32, 32, 32, 32, 32, 32, 32, 32, 32, 32, 32, 32, 32, 32, 32, 32, 32, 32, 32, 32, 32, 32, 32, 31, 32]
Levels: [32, 32, 32, 32, 32, 32, 32, 32, 32, 32, 32, 32, 32, 32, 32, 32, 32, 32, 32, 32, 32, 32, 32, 32, 32, 32, 32, 32, 32, 32, 32, 32, 32, 32, 32, 32, 31, 32, 32, 32, 32, 32, 32, 32, 32, 32, 32, 32, 32, 31, 32, 32, 31, 32, 32, 32, 32, 32, 32, 32, 32, 32, 32, 32, 32, 32, 32, 32, 32, 32, 32, 32, 32, 32, 32, 32, 32, 32, 31, 32]
Progress(32) at 2020-05-05 17:44:34: 1,422,262,059 states generated (722,679,076 s/min), 204,911,198 distinct states found (98,931,710 ds/min), 15,674,000,000 states left on queue.
Levels: [32, 32, 32, 32, 32, 32, 32, 32, 32, 32, 32, 32, 32, 32, 32, 32, 32, 32, 32, 32, 32, 32, 32, 32, 32, 32, 32, 32, 32, 32, 32, 32, 32, 32, 32, 32, 31, 32, 32, 32, 32, 32, 32, 32, 32, 32, 32, 32, 32, 31, 32, 32, 31, 32, 32, 32, 32, 32, 32, 32, 32, 32, 32, 32, 32, 32, 32, 32, 32, 32, 32, 32, 32, 32, 32, 32, 32, 32, 31, 32]
Levels: [33, 33, 33, 33, 33, 33, 33, 33, 33, 33, 33, 33, 33, 33, 33, 33, 33, 33, 33, 33, 33, 33, 33, 33, 33, 33, 33, 33, 33, 33, 33, 33, 33, 33, 33, 33, 33, 33, 33, 33, 33, 33, 33, 33, 33, 33, 33, 33, 33, 33, 33, 33, 33, 33, 33, 33, 33, 33, 33, 33, 33, 33, 33, 33, 33, 33, 33, 33, 33, 33, 33, 33, 33, 33, 33, 33, 33, 33, 33, 33]
Levels: [33, 33, 33, 33, 33, 33, 33, 33, 33, 33, 33, 33, 33, 33, 33, 33, 33, 33, 33, 33, 33, 33, 33, 33, 33, 33, 33, 33, 33, 33, 33, 33, 33, 33, 33, 33, 33, 33, 33, 33, 33, 33, 33, 33, 33, 33, 33, 33, 33, 33, 33, 33, 33, 33, 33, 33, 33, 33, 33, 33, 33, 33, 33, 33, 33, 33, 33, 33, 33, 33, 33, 33, 33, 33, 33, 33, 33, 33, 33, 33]
Progress(33) at 2020-05-05 17:45:34: 2,135,701,175 states generated (713,439,116 s/min), 301,343,300 distinct states found (96,432,102 ds/min), 21,056,000,000 states left on queue.
Levels: [33, 33, 33, 33, 33, 33, 33, 33, 33, 33, 33, 33, 33, 33, 33, 33, 33, 33, 33, 33, 33, 33, 33, 33, 33, 33, 33, 33, 33, 33, 33, 33, 33, 33, 33, 33, 33, 33, 33, 33, 33, 33, 33, 33, 33, 33, 33, 33, 33, 33, 33, 33, 33, 33, 33, 33, 33, 33, 33, 33, 33, 33, 33, 33, 33, 33, 33, 33, 33, 33, 33, 33, 33, 33, 33, 33, 33, 33, 33, 33]
Levels: [34, 34, 34, 34, 34, 34, 34, 34, 34, 34, 34, 34, 34, 34, 34, 34, 34, 34, 34, 34, 34, 34, 34, 34, 34, 34, 34, 34, 34, 34, 34, 34, 34, 34, 34, 34, 34, 34, 34, 34, 34, 34, 34, 34, 34, 34, 34, 34, 34, 34, 34, 34, 34, 34, 34, 34, 34, 34, 34, 34, 34, 34, 34, 34, 34, 34, 34, 34, 34, 34, 34, 34, 34, 34, 34, 34, 34, 34, 34, 34]
Levels: [34, 34, 34, 34, 34, 34, 34, 34, 34, 34, 34, 34, 34, 34, 34, 34, 34, 34, 34, 34, 34, 34, 34, 34, 34, 34, 34, 34, 34, 34, 34, 34, 34, 34, 34, 34, 34, 34, 34, 34, 34, 34, 34, 34, 34, 34, 34, 34, 34, 34, 34, 34, 34, 34, 34, 34, 34, 34, 34, 34, 34, 34, 34, 34, 34, 34, 34, 34, 34, 34, 34, 34, 34, 34, 34, 34, 34, 34, 34, 34]
Progress(34) at 2020-05-05 17:46:34: 2,835,200,622 states generated (699,499,447 s/min), 399,091,847 distinct states found (97,748,547 ds/min), 26,292,000,000 states left on queue.
Levels: [34, 34, 34, 34, 34, 34, 34, 34, 34, 34, 34, 34, 34, 34, 34, 34, 34, 34, 34, 34, 34, 34, 34, 34, 34, 34, 34, 34, 34, 34, 34, 34, 34, 34, 34, 34, 34, 34, 34, 34, 34, 34, 34, 34, 34, 34, 34, 34, 34, 34, 34, 34, 34, 34, 34, 34, 34, 34, 34, 34, 34, 34, 34, 34, 34, 34, 34, 34, 34, 34, 34, 34, 34, 34, 34, 34, 34, 34, 34, 34]
Model checking completed. No error has been found.
  Estimates of the probability that TLC did not check all reachable states
  because two distinct states had the same fingerprint:
  calculated (optimistic):  val = .079
3471105939 states generated, 487625682 distinct states found, 119137000000 states left on queue.
Levels: [35, 35, 35, 35, 35, 35, 34, 35, 34, 35, 35, 35, 35, 35, 35, 35, 35, 35, 35, 35, 35, 35, 35, 34, 34, 35, 35, 35, 35, 35, 35, 35, 35, 35, 35, 35, 35, 35, 35, 35, 35, 35, 35, 35, 35, 35, 35, 35, 35, 35, 35, 35, 35, 34, 35, 35, 35, 35, 35, 34, 35, 35, 35, 35, 35, 35, 35, 35, 35, 35, 35, 35, 35, 35, 35, 35, 34, 35, 35, 35]
The depth of the complete state graph search is 35.
The average outdegree of the complete state graph is 1 (minimum is 0, the maximum 31 and the 95th percentile is 5).
Finished in 304559ms at (2020-05-05 17:47:33)
