Started recording 1. No limit specified, using maxsize=250MB as default.

Use jcmd 51651 JFR.dump name=1 to copy recording data to file.
TLC2 Version 2.15 of Day Month 20?? (rev: 89d72ba)
Running breadth-first search Model-Checking with fp 112 and seed 6043631726276714991 with 88 workers on 128 cores with 27305MB heap and 65536MB offheap memory [pid: 51651] (Linux 5.3.0-1020-azure amd64, Azul Systems, Inc. 14.0.1 x86_64, OffHeapDiskFPSet, DiskStateQueue).
Parsing file /mnt/markus/tlc-scalability/2020-05-05_m128/MC.tla
Parsing file /mnt/markus/tlc-scalability/2020-05-05_m128/Bakery.tla
Parsing file /tmp/TLC.tla
Parsing file /tmp/Naturals.tla
Parsing file /tmp/Sequences.tla
Parsing file /tmp/FiniteSets.tla
Semantic processing of module Naturals
Semantic processing of module Sequences
Semantic processing of module FiniteSets
Semantic processing of module TLC
Semantic processing of module Bakery
Semantic processing of module MC
Starting... (2020-05-05 21:18:39)
Loaded PageQueue (MemLimit=512, PageSize=8192)

Computing initial states...
Finished computing initial states: 1 distinct state generated at 2020-05-05 21:18:42.
Levels: [21, 18, 19, 19, 18, 18, 19, 20, 19, 20, 20, 21, 19, 20, 18, 20, 16, 20, 19, 16, 16, 21, 20, 19, 16, 18, 21, 22, 20, 17, 20, 18, 22, 19, 17, 21, 20, 17, 18, 17, 18, 17, 18, 23, 17, 18, 18, 18, 19, 20, 21, 17, 18, 19, 19, 19, 18, 19, 17, 18, 18, 19, 18, 19, 20, 17, 17, 18, 18, 19, 18, 19, 20, 20, 19, 18, 18, 20, 19, 21, 18, 17, 18, 19, 18, 19, 20, 21]
Levels: [21, 18, 19, 19, 18, 18, 19, 20, 19, 20, 20, 21, 19, 20, 18, 20, 16, 20, 19, 16, 16, 21, 20, 19, 16, 18, 21, 22, 20, 17, 20, 18, 22, 19, 17, 21, 20, 17, 18, 17, 18, 17, 18, 23, 17, 18, 18, 18, 19, 20, 21, 17, 18, 19, 19, 19, 18, 19, 17, 18, 18, 19, 18, 19, 20, 17, 17, 18, 18, 19, 18, 19, 20, 20, 20, 18, 18, 20, 19, 21, 18, 17, 18, 19, 18, 19, 20, 21]
Progress(23) at 2020-05-05 21:18:45: 4,320,428 states generated (4,320,428 s/min), 1,009,405 distinct states found (1,009,405 ds/min), 480,000 states left on queue.
Levels: [21, 18, 19, 19, 18, 18, 19, 20, 19, 20, 20, 21, 19, 20, 18, 20, 16, 20, 19, 16, 16, 21, 20, 19, 16, 18, 21, 22, 20, 17, 20, 18, 22, 19, 17, 21, 20, 17, 18, 17, 18, 17, 18, 23, 17, 18, 18, 18, 19, 20, 21, 17, 18, 19, 19, 19, 18, 19, 17, 18, 18, 19, 18, 19, 20, 17, 17, 18, 18, 19, 18, 19, 20, 20, 20, 18, 18, 20, 19, 21, 18, 17, 18, 19, 18, 19, 20, 21]
Levels: [31, 31, 30, 31, 30, 32, 30, 32, 30, 30, 30, 30, 31, 30, 32, 30, 30, 31, 31, 32, 31, 31, 30, 32, 31, 31, 30, 30, 31, 29, 30, 32, 30, 30, 29, 29, 30, 30, 31, 32, 30, 32, 30, 31, 32, 30, 30, 31, 30, 30, 31, 31, 31, 29, 29, 31, 29, 30, 30, 30, 31, 31, 31, 32, 31, 29, 31, 30, 30, 31, 29, 31, 30, 31, 30, 30, 30, 30, 32, 30, 32, 31, 30, 30, 32, 29, 30, 32]
Levels: [31, 31, 30, 31, 30, 32, 30, 32, 30, 30, 30, 30, 31, 30, 32, 30, 30, 31, 31, 32, 31, 31, 30, 32, 31, 31, 30, 30, 31, 29, 30, 32, 30, 30, 29, 29, 30, 30, 31, 32, 30, 32, 30, 31, 32, 30, 30, 31, 30, 30, 31, 31, 31, 29, 29, 31, 29, 30, 30, 30, 31, 31, 31, 32, 31, 29, 31, 30, 30, 31, 29, 31, 30, 31, 30, 30, 30, 30, 32, 30, 32, 31, 30, 30, 32, 29, 30, 32]
Progress(32) at 2020-05-05 21:19:45: 718,704,488 states generated (714,384,060 s/min), 106,787,444 distinct states found (105,778,039 ds/min), 4,734,000,000 states left on queue.
Levels: [31, 31, 30, 31, 30, 32, 30, 32, 30, 30, 30, 30, 31, 30, 32, 30, 30, 31, 31, 32, 31, 31, 30, 32, 31, 31, 30, 30, 31, 29, 30, 32, 30, 30, 29, 29, 30, 30, 31, 32, 30, 32, 30, 31, 32, 30, 30, 31, 30, 30, 31, 31, 31, 29, 29, 31, 29, 30, 30, 30, 31, 31, 31, 32, 31, 29, 31, 30, 30, 31, 29, 31, 30, 31, 30, 30, 30, 30, 32, 30, 32, 31, 30, 30, 32, 29, 30, 32]
Levels: [33, 32, 31, 31, 33, 32, 33, 32, 32, 33, 31, 33, 31, 32, 32, 34, 33, 33, 34, 33, 34, 32, 33, 33, 34, 33, 33, 31, 31, 33, 31, 33, 32, 32, 32, 33, 34, 34, 34, 32, 32, 33, 33, 32, 33, 31, 32, 33, 33, 34, 33, 32, 32, 32, 33, 33, 31, 33, 34, 33, 32, 34, 32, 33, 31, 31, 31, 31, 33, 34, 34, 32, 32, 32, 33, 32, 32, 32, 34, 33, 34, 33, 33, 32, 32, 34, 33, 32]
Levels: [33, 32, 31, 31, 33, 32, 33, 32, 32, 33, 31, 33, 31, 32, 32, 34, 33, 33, 34, 33, 34, 32, 33, 33, 34, 33, 33, 31, 31, 33, 31, 33, 32, 32, 32, 33, 34, 34, 34, 32, 32, 33, 33, 32, 33, 31, 32, 33, 33, 34, 33, 32, 32, 32, 33, 33, 31, 33, 34, 33, 32, 34, 32, 33, 31, 31, 31, 31, 33, 34, 34, 32, 32, 32, 33, 32, 32, 32, 34, 33, 34, 33, 33, 32, 32, 34, 33, 32]
Progress(34) at 2020-05-05 21:20:45: 1,444,785,558 states generated (726,081,070 s/min), 202,397,075 distinct states found (95,609,631 ds/min), 7,734,000,000 states left on queue.
Levels: [33, 32, 31, 31, 33, 32, 33, 32, 32, 33, 31, 33, 31, 32, 32, 34, 33, 33, 34, 33, 34, 32, 33, 33, 34, 33, 33, 31, 31, 33, 31, 33, 32, 32, 32, 33, 34, 34, 34, 32, 32, 33, 33, 32, 33, 31, 32, 33, 33, 34, 33, 32, 32, 32, 33, 33, 31, 33, 34, 33, 32, 34, 32, 33, 31, 31, 31, 31, 33, 34, 34, 32, 32, 32, 33, 32, 32, 32, 34, 33, 34, 33, 33, 32, 32, 34, 33, 32]
Levels: [35, 34, 33, 34, 34, 35, 33, 33, 33, 34, 33, 35, 33, 33, 33, 34, 35, 34, 34, 35, 34, 33, 33, 34, 34, 33, 33, 33, 34, 34, 33, 34, 35, 34, 34, 34, 34, 34, 34, 35, 35, 34, 34, 34, 33, 35, 35, 34, 33, 34, 33, 35, 34, 35, 33, 35, 33, 35, 34, 34, 34, 35, 35, 35, 33, 34, 33, 32, 33, 34, 34, 34, 34, 33, 34, 35, 35, 33, 34, 34, 34, 33, 33, 34, 32, 35, 34, 33]
Levels: [35, 34, 33, 34, 34, 35, 33, 33, 33, 34, 33, 35, 33, 33, 33, 34, 35, 34, 34, 35, 34, 33, 33, 34, 34, 33, 33, 33, 34, 34, 33, 34, 35, 34, 34, 34, 34, 34, 34, 35, 35, 34, 34, 34, 33, 35, 35, 34, 33, 34, 33, 35, 34, 35, 33, 35, 33, 35, 34, 34, 34, 35, 35, 35, 33, 34, 33, 32, 33, 34, 34, 34, 34, 33, 34, 35, 35, 33, 34, 34, 34, 33, 33, 34, 32, 35, 34, 33]
Progress(35) at 2020-05-05 21:21:45: 2,152,353,648 states generated (707,568,090 s/min), 298,894,079 distinct states found (96,497,004 ds/min), 10,538,000,000 states left on queue.
Levels: [35, 34, 33, 34, 34, 35, 33, 33, 33, 34, 33, 35, 33, 33, 33, 34, 35, 34, 34, 35, 34, 33, 33, 34, 34, 33, 33, 33, 34, 34, 33, 34, 35, 34, 34, 34, 34, 34, 34, 35, 35, 34, 34, 34, 33, 35, 35, 34, 33, 34, 33, 35, 34, 35, 33, 35, 33, 35, 34, 34, 34, 35, 35, 35, 33, 34, 33, 32, 33, 34, 34, 34, 34, 33, 34, 35, 35, 33, 34, 34, 34, 33, 33, 34, 32, 35, 34, 33]
Levels: [35, 34, 34, 34, 36, 35, 35, 34, 34, 36, 36, 35, 34, 36, 34, 35, 36, 36, 35, 35, 36, 36, 34, 34, 35, 36, 36, 33, 36, 35, 34, 36, 35, 36, 34, 34, 34, 34, 34, 35, 35, 36, 35, 34, 36, 35, 36, 34, 33, 34, 34, 35, 36, 35, 34, 35, 34, 35, 34, 35, 34, 36, 35, 35, 35, 36, 35, 36, 36, 36, 36, 35, 36, 36, 35, 35, 35, 34, 35, 35, 34, 36, 35, 36, 34, 35, 34, 34]
Levels: [35, 34, 34, 34, 36, 35, 35, 34, 34, 36, 36, 35, 34, 36, 34, 35, 36, 36, 35, 35, 36, 36, 34, 34, 35, 36, 36, 33, 36, 35, 34, 36, 35, 36, 34, 34, 34, 34, 34, 35, 35, 36, 35, 34, 36, 35, 36, 34, 33, 34, 34, 35, 36, 35, 34, 35, 34, 35, 34, 35, 34, 36, 35, 35, 35, 36, 35, 36, 36, 36, 36, 35, 36, 36, 35, 35, 35, 34, 35, 35, 34, 36, 35, 36, 34, 35, 34, 34]
Progress(36) at 2020-05-05 21:22:45: 2,855,122,708 states generated (702,769,060 s/min), 394,934,479 distinct states found (96,040,400 ds/min), 13,079,000,000 states left on queue.
Levels: [35, 34, 34, 34, 36, 35, 35, 34, 34, 36, 36, 35, 34, 36, 34, 35, 36, 36, 35, 35, 36, 36, 34, 34, 35, 36, 36, 33, 36, 35, 34, 36, 35, 36, 34, 34, 34, 34, 34, 35, 35, 36, 35, 34, 36, 35, 36, 34, 33, 34, 34, 35, 36, 35, 34, 35, 34, 35, 34, 35, 34, 36, 35, 35, 35, 36, 35, 36, 36, 36, 36, 35, 36, 36, 35, 35, 35, 34, 35, 35, 34, 36, 35, 36, 34, 35, 34, 34]
Model checking completed. No error has been found.
  Estimates of the probability that TLC did not check all reachable states
  because two distinct states had the same fingerprint:
  calculated (optimistic):  val = .079
3508932340 states generated, 484446037 distinct states found, 59235000000 states left on queue.
Levels: [36, 34, 34, 34, 36, 35, 36, 34, 34, 36, 36, 36, 36, 36, 36, 35, 36, 36, 35, 36, 36, 36, 34, 36, 35, 36, 36, 34, 36, 36, 34, 36, 35, 36, 34, 36, 34, 34, 34, 36, 36, 36, 35, 34, 36, 35, 36, 34, 34, 36, 36, 36, 36, 36, 34, 35, 34, 35, 36, 36, 34, 36, 35, 36, 36, 36, 35, 36, 36, 36, 36, 35, 36, 36, 35, 35, 35, 36, 35, 36, 34, 36, 36, 36, 35, 36, 34, 34]
The depth of the complete state graph search is 36.
The average outdegree of the complete state graph is 1 (minimum is 0, the maximum 31 and the 95th percentile is 5).
Finished in 304275ms at (2020-05-05 21:23:43)
