Started recording 1. No limit specified, using maxsize=250MB as default.

Use jcmd 43173 JFR.dump name=1 to copy recording data to file.
TLC2 Version 2.15 of Day Month 20?? (rev: 89d72ba)
Running breadth-first search Model-Checking with fp 13 and seed -3647014271598554720 with 112 workers on 128 cores with 27305MB heap and 65536MB offheap memory [pid: 43173] (Linux 5.3.0-1020-azure amd64, Azul Systems, Inc. 14.0.1 x86_64, OffHeapDiskFPSet, DiskStateQueue).
Parsing file /mnt/markus/tlc-scalability/2020-05-05_m128/MC.tla
Parsing file /mnt/markus/tlc-scalability/2020-05-05_m128/Bakery.tla
Parsing file /tmp/TLC.tla
Parsing file /tmp/Naturals.tla
Parsing file /tmp/Sequences.tla
Parsing file /tmp/FiniteSets.tla
Semantic processing of module Naturals
Semantic processing of module Sequences
Semantic processing of module FiniteSets
Semantic processing of module TLC
Semantic processing of module Bakery
Semantic processing of module MC
Starting... (2020-05-05 20:07:32)
Loaded PageQueue (MemLimit=512, PageSize=8192)

Computing initial states...
Finished computing initial states: 1 distinct state generated at 2020-05-05 20:07:35.
Levels: [15, 20, 18, 5, 6, 20, 8, 9, 10, 11, 12, 13, 20, 14, 15, 18, 16, 15, 16, 16, 17, 16, 16, 17, 16, 16, 17, 16, 17, 17, 18, 17, 17, 18, 16, 17, 17, 17, 18, 18, 19, 17, 18, 16, 17, 19, 17, 18, 18, 19, 17, 17, 18, 17, 18, 18, 17, 18, 19, 17, 18, 18, 19, 18, 17, 19, 18, 18, 20, 18, 19, 19, 19, 20, 20, 21, 17, 17, 18, 18, 19, 20, 20, 21, 0, 19, 0, 0, 20, 18, 0, 18, 0, 0, 0, 22, 18, 0, 0, 0, 17, 0, 0, 0, 18, 19, 0, 0, 0, 0, 0, 20]
Levels: [15, 20, 18, 5, 6, 20, 8, 9, 10, 11, 12, 13, 20, 14, 15, 18, 16, 15, 16, 16, 17, 16, 16, 17, 16, 16, 17, 16, 17, 17, 18, 17, 17, 18, 16, 17, 17, 17, 18, 18, 19, 17, 18, 16, 17, 19, 17, 18, 18, 19, 17, 17, 18, 17, 18, 18, 17, 18, 19, 17, 18, 18, 19, 18, 17, 19, 18, 18, 20, 18, 19, 19, 19, 20, 20, 21, 17, 17, 18, 18, 19, 20, 20, 21, 0, 19, 0, 0, 20, 18, 0, 18, 0, 0, 0, 22, 18, 0, 0, 0, 17, 0, 0, 0, 18, 19, 0, 0, 0, 0, 0, 20]
Progress(22) at 2020-05-05 20:07:38: 2,821,967 states generated (2,821,967 s/min), 675,305 distinct states found (675,305 ds/min), 0 states left on queue.
Levels: [15, 20, 18, 5, 6, 20, 8, 9, 10, 11, 12, 13, 20, 14, 15, 18, 16, 15, 16, 16, 17, 16, 16, 17, 16, 16, 17, 16, 17, 17, 18, 17, 17, 18, 16, 17, 17, 17, 18, 18, 19, 17, 18, 16, 17, 19, 17, 18, 18, 19, 17, 17, 18, 17, 18, 18, 17, 18, 19, 17, 18, 18, 19, 18, 17, 19, 18, 18, 20, 18, 19, 19, 19, 20, 20, 21, 17, 17, 18, 18, 19, 20, 20, 21, 0, 19, 19, 0, 20, 18, 0, 18, 0, 0, 0, 22, 18, 0, 0, 0, 17, 0, 0, 0, 18, 19, 0, 0, 0, 0, 0, 20]
Levels: [33, 29, 32, 29, 33, 32, 33, 31, 33, 29, 31, 30, 30, 32, 31, 31, 33, 30, 31, 33, 31, 33, 32, 33, 30, 30, 31, 33, 32, 33, 32, 29, 30, 32, 31, 30, 33, 33, 32, 32, 33, 30, 33, 33, 32, 33, 30, 32, 33, 31, 32, 33, 31, 30, 30, 30, 29, 30, 30, 32, 33, 33, 32, 33, 31, 33, 33, 32, 30, 33, 30, 31, 32, 32, 33, 31, 33, 33, 33, 30, 33, 29, 31, 30, 31, 30, 32, 31, 29, 30, 32, 32, 33, 33, 32, 33, 32, 33, 33, 32, 30, 33, 33, 32, 30, 30, 33, 33, 33, 33, 31, 32]
Levels: [33, 29, 32, 29, 33, 32, 33, 31, 33, 29, 31, 30, 30, 32, 31, 31, 33, 30, 31, 33, 31, 33, 32, 33, 30, 30, 31, 33, 32, 33, 32, 29, 30, 32, 31, 30, 33, 33, 32, 32, 33, 30, 33, 33, 32, 33, 30, 32, 33, 31, 32, 33, 31, 30, 30, 30, 29, 30, 30, 32, 33, 33, 32, 33, 31, 33, 33, 32, 30, 33, 30, 31, 32, 32, 33, 31, 33, 33, 33, 30, 33, 29, 31, 30, 31, 30, 32, 31, 29, 30, 32, 32, 33, 33, 32, 33, 32, 33, 33, 32, 30, 33, 33, 32, 30, 30, 33, 33, 33, 33, 31, 32]
Progress(33) at 2020-05-05 20:08:38: 714,102,752 states generated (711,280,785 s/min), 106,016,463 distinct states found (105,341,158 ds/min), 4,684,000,000 states left on queue.
Levels: [33, 29, 32, 29, 33, 32, 33, 31, 33, 29, 31, 30, 30, 32, 31, 31, 33, 30, 31, 33, 31, 33, 32, 33, 30, 30, 31, 33, 32, 33, 32, 29, 30, 32, 31, 30, 33, 33, 32, 32, 33, 30, 33, 33, 32, 33, 30, 32, 33, 31, 32, 33, 31, 30, 30, 30, 29, 30, 30, 32, 33, 33, 32, 33, 31, 33, 33, 32, 30, 33, 30, 31, 32, 32, 33, 31, 33, 33, 33, 30, 33, 29, 31, 30, 31, 30, 32, 31, 29, 30, 32, 32, 33, 33, 32, 33, 32, 33, 33, 32, 30, 33, 33, 32, 30, 30, 33, 33, 33, 33, 31, 32]
Levels: [33, 34, 34, 33, 33, 32, 34, 33, 33, 32, 33, 32, 34, 34, 32, 32, 33, 34, 34, 33, 32, 34, 34, 34, 34, 34, 34, 34, 32, 34, 32, 34, 32, 32, 33, 33, 34, 34, 34, 33, 34, 34, 34, 34, 35, 33, 32, 32, 34, 34, 35, 35, 33, 32, 32, 32, 34, 34, 32, 35, 34, 33, 34, 34, 32, 33, 33, 34, 34, 34, 34, 34, 34, 34, 34, 34, 34, 33, 33, 34, 34, 34, 34, 31, 33, 32, 34, 34, 35, 31, 34, 32, 33, 33, 32, 34, 33, 33, 33, 34, 34, 34, 33, 34, 34, 34, 33, 33, 34, 34, 34, 34]
Levels: [33, 34, 34, 33, 33, 32, 34, 33, 33, 32, 33, 32, 34, 34, 32, 32, 33, 34, 34, 33, 32, 34, 34, 34, 34, 34, 34, 34, 32, 34, 32, 34, 32, 32, 33, 33, 34, 34, 34, 33, 34, 34, 34, 34, 35, 33, 32, 32, 34, 34, 35, 35, 33, 32, 32, 32, 34, 34, 32, 35, 34, 33, 34, 34, 32, 33, 33, 34, 34, 34, 34, 34, 34, 34, 34, 34, 34, 33, 33, 34, 34, 34, 34, 31, 33, 32, 34, 34, 35, 31, 34, 32, 33, 33, 32, 34, 33, 33, 33, 34, 34, 34, 33, 34, 34, 34, 33, 33, 34, 34, 34, 34]
Progress(35) at 2020-05-05 20:09:38: 1,427,892,724 states generated (713,789,972 s/min), 199,093,061 distinct states found (93,076,598 ds/min), 7,594,000,000 states left on queue.
Levels: [33, 34, 34, 33, 33, 32, 34, 33, 33, 32, 33, 32, 34, 34, 32, 32, 33, 34, 34, 33, 32, 34, 34, 34, 34, 34, 34, 34, 32, 34, 32, 34, 32, 32, 33, 33, 34, 34, 34, 33, 34, 34, 34, 34, 35, 33, 32, 32, 34, 34, 35, 35, 33, 32, 32, 32, 34, 34, 32, 35, 34, 33, 34, 34, 32, 33, 33, 34, 34, 34, 34, 34, 34, 34, 34, 34, 34, 33, 33, 34, 34, 34, 34, 31, 33, 32, 34, 34, 35, 31, 34, 32, 33, 33, 32, 34, 33, 33, 33, 34, 34, 34, 33, 34, 34, 34, 33, 33, 34, 34, 34, 34]
Levels: [36, 36, 35, 35, 35, 36, 34, 35, 33, 35, 35, 33, 35, 35, 36, 35, 35, 35, 36, 35, 35, 35, 36, 35, 34, 36, 35, 34, 34, 34, 36, 35, 36, 35, 35, 35, 36, 35, 34, 35, 36, 35, 35, 35, 36, 33, 36, 35, 35, 35, 36, 35, 36, 36, 34, 33, 36, 34, 33, 35, 36, 35, 36, 34, 36, 35, 35, 35, 35, 34, 35, 36, 34, 34, 36, 35, 34, 36, 34, 36, 34, 36, 36, 33, 34, 35, 36, 35, 35, 34, 36, 35, 35, 35, 36, 34, 35, 35, 36, 35, 36, 36, 35, 35, 36, 35, 35, 34, 34, 34, 36, 36]
Levels: [36, 36, 35, 35, 35, 36, 34, 35, 33, 35, 35, 33, 35, 35, 36, 35, 35, 35, 36, 35, 35, 35, 36, 35, 34, 36, 35, 34, 34, 34, 36, 35, 36, 35, 35, 35, 36, 35, 34, 35, 36, 35, 35, 35, 36, 33, 36, 35, 35, 35, 36, 35, 36, 36, 34, 33, 36, 34, 33, 35, 36, 35, 36, 34, 36, 35, 35, 35, 35, 34, 35, 36, 34, 34, 36, 35, 34, 36, 34, 36, 34, 36, 36, 33, 34, 35, 36, 35, 35, 34, 36, 35, 35, 35, 36, 34, 35, 35, 36, 35, 36, 36, 35, 35, 36, 35, 35, 34, 34, 34, 36, 36]
Progress(36) at 2020-05-05 20:10:38: 2,113,225,522 states generated (685,332,798 s/min), 292,693,825 distinct states found (93,600,764 ds/min), 10,295,000,000 states left on queue.
Levels: [36, 36, 35, 35, 35, 36, 34, 35, 33, 35, 35, 33, 35, 35, 36, 35, 35, 35, 36, 35, 35, 35, 36, 35, 34, 36, 35, 34, 34, 34, 36, 35, 36, 35, 35, 35, 36, 35, 34, 35, 36, 35, 35, 35, 36, 33, 36, 35, 35, 35, 36, 35, 36, 36, 34, 33, 36, 34, 33, 35, 36, 35, 36, 34, 36, 35, 35, 35, 35, 34, 35, 36, 34, 34, 36, 35, 34, 36, 34, 36, 34, 36, 36, 33, 34, 35, 36, 35, 35, 34, 36, 35, 35, 35, 36, 34, 35, 35, 36, 35, 36, 36, 35, 35, 36, 35, 35, 34, 34, 34, 36, 36]
Levels: [36, 37, 36, 35, 36, 36, 36, 35, 36, 35, 37, 33, 36, 36, 36, 36, 36, 36, 36, 37, 36, 36, 36, 36, 36, 36, 35, 36, 36, 36, 36, 36, 36, 36, 35, 36, 36, 35, 36, 36, 36, 36, 36, 37, 36, 36, 37, 37, 36, 36, 36, 36, 36, 36, 36, 36, 36, 36, 37, 35, 36, 35, 36, 36, 36, 35, 36, 36, 36, 36, 36, 36, 37, 34, 36, 36, 34, 36, 37, 37, 34, 36, 36, 34, 34, 36, 36, 36, 35, 34, 36, 36, 36, 36, 36, 36, 36, 35, 36, 35, 36, 36, 36, 36, 36, 36, 36, 36, 36, 34, 36, 36]
Levels: [36, 37, 36, 35, 36, 36, 36, 35, 36, 35, 37, 33, 36, 36, 36, 36, 36, 36, 36, 37, 36, 36, 36, 36, 36, 36, 35, 36, 36, 36, 36, 36, 36, 36, 35, 36, 36, 35, 36, 36, 36, 36, 36, 37, 36, 36, 37, 37, 36, 36, 36, 36, 36, 36, 36, 36, 36, 36, 37, 35, 36, 35, 36, 36, 36, 35, 36, 36, 36, 36, 36, 36, 37, 34, 36, 36, 34, 36, 37, 37, 34, 36, 36, 34, 34, 36, 36, 36, 35, 34, 36, 36, 36, 36, 36, 36, 36, 35, 36, 35, 36, 36, 36, 36, 36, 36, 36, 36, 36, 34, 36, 36]
Progress(37) at 2020-05-05 20:11:38: 2,806,423,844 states generated (693,198,322 s/min), 387,741,278 distinct states found (95,047,453 ds/min), 12,901,000,000 states left on queue.
Levels: [36, 37, 36, 35, 36, 36, 36, 35, 36, 35, 37, 33, 36, 36, 36, 36, 36, 36, 36, 37, 36, 36, 36, 36, 36, 36, 35, 36, 36, 36, 36, 36, 36, 36, 35, 36, 36, 35, 36, 36, 36, 36, 36, 37, 36, 36, 37, 37, 36, 36, 36, 36, 36, 36, 36, 36, 36, 36, 37, 35, 36, 35, 36, 36, 36, 35, 36, 36, 36, 36, 36, 36, 37, 34, 36, 36, 34, 36, 37, 37, 34, 36, 36, 34, 34, 36, 36, 36, 35, 34, 36, 36, 36, 36, 36, 36, 36, 35, 36, 35, 36, 36, 36, 36, 36, 36, 36, 36, 36, 34, 36, 36]
Model checking completed. No error has been found.
  Estimates of the probability that TLC did not check all reachable states
  because two distinct states had the same fingerprint:
  calculated (optimistic):  val = .076
3432298659 states generated, 473683397 distinct states found, 57947000000 states left on queue.
Levels: [37, 37, 37, 37, 37, 36, 37, 37, 37, 37, 37, 37, 37, 37, 37, 37, 37, 37, 37, 37, 36, 37, 37, 36, 36, 37, 37, 37, 37, 37, 37, 37, 37, 37, 37, 36, 37, 37, 36, 37, 37, 37, 37, 37, 37, 36, 37, 37, 37, 37, 37, 37, 37, 37, 37, 37, 37, 37, 37, 35, 37, 37, 37, 37, 37, 37, 37, 37, 37, 37, 37, 37, 37, 37, 37, 37, 37, 36, 37, 37, 37, 37, 37, 37, 37, 37, 37, 37, 37, 37, 36, 37, 37, 37, 37, 37, 37, 37, 37, 37, 36, 37, 37, 37, 37, 36, 36, 36, 37, 35, 37, 37]
The depth of the complete state graph search is 37.
The average outdegree of the complete state graph is 1 (minimum is 0, the maximum 31 and the 95th percentile is 5).
Finished in 304254ms at (2020-05-05 20:12:36)
