Started recording 1. No limit specified, using maxsize=250MB as default.

Use jcmd 53057 JFR.dump name=1 to copy recording data to file.
TLC2 Version 2.15 of Day Month 20?? (rev: 89d72ba)
Running breadth-first search Model-Checking with fp 63 and seed -6809187109137366678 with 128 workers on 128 cores with 27305MB heap and 65536MB offheap memory [pid: 53057] (Linux 5.3.0-1020-azure amd64, Azul Systems, Inc. 14.0.1 x86_64, OffHeapDiskFPSet, DiskStateQueue).
Parsing file /mnt/markus/tlc-scalability/2020-05-05_m128/MC.tla
Parsing file /mnt/markus/tlc-scalability/2020-05-05_m128/Bakery.tla
Parsing file /tmp/TLC.tla
Parsing file /tmp/Naturals.tla
Parsing file /tmp/Sequences.tla
Parsing file /tmp/FiniteSets.tla
Semantic processing of module Naturals
Semantic processing of module Sequences
Semantic processing of module FiniteSets
Semantic processing of module TLC
Semantic processing of module Bakery
Semantic processing of module MC
Starting... (2020-05-05 21:28:52)
Loaded PageQueue (MemLimit=512, PageSize=8192)

Computing initial states...
Finished computing initial states: 1 distinct state generated at 2020-05-05 21:28:55.
Levels: [2, 3, 4, 5, 6, 7, 8, 9, 10, 11, 12, 13, 14, 0, 0, 0, 0, 0, 0, 0, 0, 0, 0, 0, 0, 0, 0, 0, 0, 0, 0, 0, 0, 0, 0, 0, 0, 0, 0, 0, 0, 0, 0, 0, 0, 0, 0, 0, 0, 0, 0, 0, 0, 0, 0, 0, 0, 0, 0, 0, 0, 0, 0, 0, 0, 0, 0, 0, 0, 0, 0, 0, 0, 0, 0, 0, 0, 0, 0, 0, 0, 0, 0, 0, 0, 0, 0, 0, 0, 0, 0, 0, 0, 0, 0, 0, 0, 0, 0, 0, 0, 0, 0, 0, 0, 0, 0, 0, 0, 0, 0, 0, 0, 0, 0, 0, 0, 0, 0, 0, 0, 0, 0, 0, 0, 0, 0, 0]
Levels: [2, 3, 4, 5, 6, 7, 8, 9, 10, 11, 12, 13, 14, 0, 0, 0, 0, 0, 0, 0, 0, 0, 0, 0, 0, 0, 0, 0, 0, 0, 0, 0, 0, 0, 0, 0, 0, 0, 0, 0, 0, 0, 0, 0, 0, 0, 0, 0, 0, 0, 0, 0, 0, 0, 0, 0, 0, 0, 0, 0, 0, 0, 0, 0, 0, 0, 0, 0, 0, 0, 0, 0, 0, 0, 0, 0, 0, 0, 0, 0, 0, 0, 0, 0, 0, 0, 0, 0, 0, 0, 0, 0, 0, 0, 0, 0, 0, 0, 0, 0, 0, 0, 0, 0, 0, 0, 0, 0, 0, 0, 0, 0, 0, 0, 0, 0, 0, 0, 0, 0, 0, 0, 0, 0, 0, 0, 0, 0]
Progress(14) at 2020-05-05 21:28:58: 121,160 states generated (121,160 s/min), 28,052 distinct states found (28,052 ds/min), 0 states left on queue.
Levels: [2, 3, 4, 5, 6, 7, 8, 9, 10, 11, 12, 13, 14, 0, 0, 0, 0, 0, 0, 0, 0, 0, 0, 0, 0, 0, 0, 0, 0, 0, 0, 0, 0, 0, 0, 0, 0, 0, 0, 0, 0, 0, 0, 0, 0, 0, 0, 0, 0, 0, 0, 0, 0, 0, 0, 0, 0, 0, 0, 0, 0, 0, 0, 0, 0, 0, 0, 0, 0, 0, 0, 0, 0, 0, 0, 0, 0, 0, 0, 0, 0, 0, 0, 0, 0, 0, 0, 0, 0, 0, 0, 0, 0, 0, 0, 0, 0, 0, 0, 0, 0, 0, 0, 0, 0, 0, 0, 0, 0, 0, 0, 0, 0, 0, 0, 0, 0, 0, 0, 0, 0, 0, 0, 0, 0, 0, 0, 0]
Levels: [30, 30, 29, 29, 30, 29, 30, 30, 29, 31, 30, 30, 30, 29, 30, 30, 30, 29, 30, 29, 30, 30, 30, 30, 30, 29, 29, 29, 30, 29, 30, 29, 29, 29, 29, 30, 29, 30, 29, 30, 30, 30, 30, 29, 30, 30, 30, 30, 30, 30, 29, 30, 29, 29, 30, 31, 30, 31, 30, 30, 30, 30, 30, 29, 30, 30, 29, 30, 29, 29, 30, 30, 30, 29, 29, 30, 29, 30, 29, 29, 29, 30, 29, 30, 30, 30, 30, 30, 30, 29, 29, 30, 30, 30, 30, 29, 29, 30, 29, 29, 30, 29, 31, 29, 29, 29, 29, 30, 29, 29, 29, 29, 29, 29, 30, 29, 30, 30, 29, 29, 30, 29, 29, 30, 30, 29, 30, 30]
Levels: [30, 30, 29, 29, 30, 29, 30, 30, 29, 31, 30, 30, 30, 29, 30, 30, 30, 29, 30, 29, 30, 30, 30, 30, 30, 29, 29, 29, 30, 29, 30, 29, 29, 29, 29, 30, 29, 30, 29, 30, 30, 30, 30, 29, 30, 30, 30, 30, 30, 30, 29, 30, 29, 29, 30, 31, 30, 31, 30, 30, 30, 30, 30, 29, 30, 30, 29, 30, 29, 29, 30, 30, 30, 29, 29, 30, 29, 30, 29, 29, 29, 30, 29, 30, 30, 30, 30, 30, 30, 29, 29, 30, 30, 30, 30, 29, 29, 30, 29, 29, 30, 29, 31, 29, 29, 29, 29, 30, 29, 29, 29, 29, 29, 29, 30, 29, 30, 30, 29, 29, 30, 29, 29, 30, 30, 29, 30, 30]
Progress(31) at 2020-05-05 21:29:58: 651,028,563 states generated (650,907,403 s/min), 99,937,107 distinct states found (99,909,055 ds/min), 4,402,000,000 states left on queue.
Levels: [30, 30, 29, 29, 30, 29, 30, 30, 29, 31, 30, 30, 30, 29, 30, 30, 30, 29, 30, 29, 30, 30, 30, 30, 30, 29, 29, 29, 30, 29, 30, 29, 29, 29, 29, 30, 29, 30, 29, 30, 30, 30, 30, 29, 30, 30, 30, 30, 30, 30, 29, 30, 29, 29, 30, 31, 30, 31, 30, 30, 30, 30, 30, 29, 30, 30, 29, 30, 29, 29, 30, 30, 30, 29, 29, 30, 29, 30, 29, 29, 29, 30, 29, 30, 30, 30, 30, 30, 30, 29, 29, 30, 30, 30, 30, 29, 29, 30, 29, 29, 30, 29, 31, 29, 29, 29, 29, 30, 29, 29, 29, 29, 29, 29, 30, 29, 30, 30, 29, 29, 30, 29, 29, 30, 30, 29, 30, 30]
Levels: [31, 32, 31, 32, 32, 32, 32, 31, 31, 32, 32, 32, 32, 31, 32, 31, 31, 32, 32, 32, 32, 31, 32, 31, 32, 32, 32, 31, 31, 32, 32, 31, 32, 31, 32, 31, 32, 31, 32, 32, 31, 32, 32, 32, 31, 32, 32, 32, 31, 31, 32, 32, 32, 32, 31, 32, 32, 32, 32, 32, 31, 32, 32, 32, 31, 32, 32, 31, 32, 32, 32, 32, 32, 32, 32, 32, 32, 32, 32, 32, 32, 31, 31, 32, 32, 32, 32, 32, 32, 32, 32, 31, 32, 32, 32, 31, 31, 32, 32, 31, 31, 32, 32, 32, 31, 32, 32, 32, 32, 32, 32, 32, 32, 31, 31, 31, 32, 31, 32, 32, 32, 32, 32, 32, 31, 32, 31, 32]
Levels: [31, 32, 31, 32, 32, 32, 32, 31, 31, 32, 32, 32, 32, 31, 32, 31, 31, 32, 32, 32, 32, 31, 32, 31, 32, 32, 32, 31, 31, 32, 32, 31, 32, 31, 32, 31, 32, 31, 32, 32, 31, 32, 32, 32, 31, 32, 32, 32, 31, 31, 32, 32, 32, 32, 31, 32, 32, 32, 32, 32, 31, 32, 32, 32, 31, 32, 32, 31, 32, 32, 32, 32, 32, 32, 32, 32, 32, 32, 32, 32, 32, 31, 31, 32, 32, 32, 32, 32, 32, 32, 32, 31, 32, 32, 32, 31, 31, 32, 32, 31, 31, 32, 32, 32, 31, 32, 32, 32, 32, 32, 32, 32, 32, 31, 31, 31, 32, 31, 32, 32, 32, 32, 32, 32, 31, 32, 31, 32]
Progress(32) at 2020-05-05 21:30:58: 1,347,809,311 states generated (696,780,748 s/min), 195,110,981 distinct states found (95,173,874 ds/min), 7,522,000,000 states left on queue.
Levels: [31, 32, 31, 32, 32, 32, 32, 31, 31, 32, 32, 32, 32, 31, 32, 31, 31, 32, 32, 32, 32, 31, 32, 31, 32, 32, 32, 31, 31, 32, 32, 31, 32, 31, 32, 31, 32, 31, 32, 32, 31, 32, 32, 32, 31, 32, 32, 32, 31, 31, 32, 32, 32, 32, 31, 32, 32, 32, 32, 32, 31, 32, 32, 32, 31, 32, 32, 31, 32, 32, 32, 32, 32, 32, 32, 32, 32, 32, 32, 32, 32, 31, 31, 32, 32, 32, 32, 32, 32, 32, 32, 31, 32, 32, 32, 31, 31, 32, 32, 31, 31, 32, 32, 32, 31, 32, 32, 32, 32, 32, 32, 32, 32, 31, 31, 31, 32, 31, 32, 32, 32, 32, 32, 32, 31, 32, 31, 32]
Levels: [32, 33, 32, 33, 33, 33, 33, 33, 33, 33, 33, 33, 33, 33, 32, 33, 32, 33, 32, 32, 33, 33, 32, 33, 33, 32, 33, 33, 33, 33, 33, 33, 33, 33, 32, 33, 33, 33, 32, 33, 33, 33, 33, 32, 33, 33, 33, 32, 33, 33, 33, 33, 33, 33, 33, 32, 33, 33, 33, 33, 33, 33, 33, 33, 33, 33, 33, 33, 33, 33, 33, 33, 33, 33, 33, 33, 33, 33, 33, 33, 33, 33, 33, 33, 33, 33, 33, 33, 33, 33, 33, 33, 33, 33, 33, 33, 33, 33, 33, 33, 33, 33, 33, 33, 33, 33, 33, 33, 33, 33, 33, 33, 32, 33, 33, 33, 33, 33, 33, 33, 33, 33, 33, 33, 33, 32, 32, 33]
Levels: [32, 33, 32, 33, 33, 33, 33, 33, 33, 33, 33, 33, 33, 33, 32, 33, 32, 33, 32, 32, 33, 33, 32, 33, 33, 32, 33, 33, 33, 33, 33, 33, 33, 33, 32, 33, 33, 33, 32, 33, 33, 33, 33, 32, 33, 33, 33, 32, 33, 33, 33, 33, 33, 33, 33, 32, 33, 33, 33, 33, 33, 33, 33, 33, 33, 33, 33, 33, 33, 33, 33, 33, 33, 33, 33, 33, 33, 33, 33, 33, 33, 33, 33, 33, 33, 33, 33, 33, 33, 33, 33, 33, 33, 33, 33, 33, 33, 33, 33, 33, 33, 33, 33, 33, 33, 33, 33, 33, 33, 33, 33, 33, 32, 33, 33, 33, 33, 33, 33, 33, 33, 33, 33, 33, 33, 32, 32, 33]
Progress(33) at 2020-05-05 21:31:58: 2,042,694,279 states generated (694,884,968 s/min), 289,466,099 distinct states found (94,355,118 ds/min), 10,236,000,000 states left on queue.
Levels: [32, 33, 32, 33, 33, 33, 33, 33, 33, 33, 33, 33, 33, 33, 32, 33, 32, 33, 32, 32, 33, 33, 32, 33, 33, 32, 33, 33, 33, 33, 33, 33, 33, 33, 32, 33, 33, 33, 32, 33, 33, 33, 33, 32, 33, 33, 33, 32, 33, 33, 33, 33, 33, 33, 33, 32, 33, 33, 33, 33, 33, 33, 33, 33, 33, 33, 33, 33, 33, 33, 33, 33, 33, 33, 33, 33, 33, 33, 33, 33, 33, 33, 33, 33, 33, 33, 33, 33, 33, 33, 33, 33, 33, 33, 33, 33, 33, 33, 33, 33, 33, 33, 33, 33, 33, 33, 33, 33, 33, 33, 33, 33, 32, 33, 33, 33, 33, 33, 33, 33, 33, 33, 33, 33, 33, 32, 32, 33]
Levels: [34, 34, 34, 34, 34, 34, 34, 34, 34, 34, 34, 34, 34, 34, 34, 34, 34, 34, 34, 34, 34, 34, 34, 34, 34, 33, 34, 34, 34, 34, 33, 34, 34, 34, 34, 34, 34, 34, 34, 33, 34, 34, 34, 34, 34, 34, 34, 34, 34, 34, 34, 34, 34, 34, 34, 34, 34, 34, 34, 34, 34, 34, 34, 34, 34, 34, 34, 34, 33, 34, 34, 34, 34, 34, 34, 34, 34, 34, 34, 34, 34, 34, 34, 34, 34, 34, 34, 34, 34, 34, 34, 34, 34, 34, 34, 34, 34, 34, 34, 34, 34, 34, 34, 34, 34, 34, 33, 34, 34, 34, 34, 34, 34, 34, 34, 34, 34, 34, 34, 34, 34, 34, 34, 34, 34, 34, 34, 34]
Levels: [34, 34, 34, 34, 34, 34, 34, 34, 34, 34, 34, 34, 34, 34, 34, 34, 34, 34, 34, 34, 34, 34, 34, 34, 34, 33, 34, 34, 34, 34, 33, 34, 34, 34, 34, 34, 34, 34, 34, 33, 34, 34, 34, 34, 34, 34, 34, 34, 34, 34, 34, 34, 34, 34, 34, 34, 34, 34, 34, 34, 34, 34, 34, 34, 34, 34, 34, 34, 33, 34, 34, 34, 34, 34, 34, 34, 34, 34, 34, 34, 34, 34, 34, 34, 34, 34, 34, 34, 34, 34, 34, 34, 34, 34, 34, 34, 34, 34, 34, 34, 34, 34, 34, 34, 34, 34, 33, 34, 34, 34, 34, 34, 34, 34, 34, 34, 34, 34, 34, 34, 34, 34, 34, 34, 34, 34, 34, 34]
Progress(34) at 2020-05-05 21:32:58: 2,715,729,894 states generated (673,035,615 s/min), 384,163,934 distinct states found (94,697,835 ds/min), 12,860,000,000 states left on queue.
Levels: [34, 34, 34, 34, 34, 34, 34, 34, 34, 34, 34, 34, 34, 34, 34, 34, 34, 34, 34, 34, 34, 34, 34, 34, 34, 33, 34, 34, 34, 34, 33, 34, 34, 34, 34, 34, 34, 34, 34, 33, 34, 34, 34, 34, 34, 34, 34, 34, 34, 34, 34, 34, 34, 34, 34, 34, 34, 34, 34, 34, 34, 34, 34, 34, 34, 34, 34, 34, 33, 34, 34, 34, 34, 34, 34, 34, 34, 34, 34, 34, 34, 34, 34, 34, 34, 34, 34, 34, 34, 34, 34, 34, 34, 34, 34, 34, 34, 34, 34, 34, 34, 34, 34, 34, 34, 34, 33, 34, 34, 34, 34, 34, 34, 34, 34, 34, 34, 34, 34, 34, 34, 34, 34, 34, 34, 34, 34, 34]
Model checking completed. No error has been found.
  Estimates of the probability that TLC did not check all reachable states
  because two distinct states had the same fingerprint:
  calculated (optimistic):  val = .073
3329716535 states generated, 468146001 distinct states found, 57275000000 states left on queue.
Levels: [35, 35, 35, 35, 35, 35, 35, 35, 35, 35, 35, 35, 35, 35, 35, 35, 35, 35, 35, 35, 34, 35, 34, 34, 35, 35, 35, 35, 35, 35, 35, 35, 34, 34, 35, 35, 35, 35, 35, 35, 34, 35, 35, 35, 35, 35, 34, 35, 35, 35, 35, 35, 35, 35, 35, 34, 35, 35, 35, 35, 35, 35, 35, 35, 35, 35, 35, 35, 35, 35, 35, 34, 35, 35, 35, 35, 34, 35, 35, 35, 35, 35, 35, 35, 35, 35, 35, 35, 34, 35, 35, 35, 35, 34, 35, 35, 35, 34, 35, 35, 35, 35, 35, 34, 35, 35, 34, 35, 35, 35, 34, 35, 34, 34, 34, 34, 35, 35, 35, 35, 35, 34, 35, 35, 35, 35, 34, 35]
The depth of the complete state graph search is 35.
The average outdegree of the complete state graph is 1 (minimum is 0, the maximum 28 and the 95th percentile is 5).
Finished in 304274ms at (2020-05-05 21:33:56)
