Started recording 1. No limit specified, using maxsize=250MB as default.

Use jcmd 50344 JFR.dump name=1 to copy recording data to file.
TLC2 Version 2.15 of Day Month 20?? (rev: 89d72ba)
Running breadth-first search Model-Checking with fp 45 and seed -8866106495249412789 with 72 workers on 128 cores with 27305MB heap and 65536MB offheap memory [pid: 50344] (Linux 5.3.0-1020-azure amd64, Azul Systems, Inc. 14.0.1 x86_64, OffHeapDiskFPSet, DiskStateQueue).
Parsing file /mnt/markus/tlc-scalability/2020-05-05_m128/MC.tla
Parsing file /mnt/markus/tlc-scalability/2020-05-05_m128/Bakery.tla
Parsing file /tmp/TLC.tla
Parsing file /tmp/Naturals.tla
Parsing file /tmp/Sequences.tla
Parsing file /tmp/FiniteSets.tla
Semantic processing of module Naturals
Semantic processing of module Sequences
Semantic processing of module FiniteSets
Semantic processing of module TLC
Semantic processing of module Bakery
Semantic processing of module MC
Starting... (2020-05-05 21:08:26)
Loaded PageQueue (MemLimit=512, PageSize=8192)

Computing initial states...
Finished computing initial states: 1 distinct state generated at 2020-05-05 21:08:28.
Levels: [20, 20, 19, 20, 19, 20, 18, 19, 18, 19, 18, 20, 19, 18, 19, 20, 20, 19, 24, 20, 19, 19, 19, 25, 21, 20, 26, 21, 19, 19, 20, 19, 18, 20, 23, 19, 20, 20, 21, 22, 19, 22, 20, 18, 18, 20, 20, 21, 21, 21, 18, 18, 19, 19, 20, 19, 17, 18, 18, 19, 21, 20, 19, 21, 18, 19, 18, 18, 19, 19, 20, 19]
Levels: [20, 20, 19, 20, 19, 20, 18, 19, 18, 19, 18, 20, 19, 18, 19, 20, 20, 19, 24, 20, 19, 19, 19, 25, 21, 20, 26, 21, 19, 19, 20, 19, 18, 20, 23, 19, 20, 20, 21, 22, 20, 22, 20, 18, 18, 20, 20, 21, 21, 21, 18, 18, 19, 19, 20, 19, 17, 18, 18, 19, 21, 20, 19, 21, 18, 19, 18, 18, 19, 19, 20, 19]
Progress(26) at 2020-05-05 21:08:31: 5,433,188 states generated (5,433,188 s/min), 1,244,582 distinct states found (1,244,582 ds/min), 750,000 states left on queue.
Levels: [20, 20, 19, 20, 19, 20, 18, 19, 18, 19, 18, 20, 19, 18, 19, 20, 20, 19, 24, 20, 19, 19, 19, 25, 21, 20, 26, 21, 19, 19, 20, 19, 18, 20, 23, 19, 20, 20, 21, 22, 20, 22, 20, 18, 18, 20, 20, 21, 21, 21, 18, 18, 19, 19, 20, 19, 17, 18, 18, 19, 21, 20, 19, 21, 18, 19, 18, 18, 19, 19, 20, 19]
Levels: [30, 32, 30, 30, 30, 30, 30, 30, 29, 30, 32, 30, 29, 30, 30, 30, 30, 30, 30, 30, 30, 29, 30, 30, 30, 30, 30, 30, 30, 30, 30, 30, 30, 30, 30, 30, 31, 30, 30, 30, 29, 30, 29, 29, 30, 30, 30, 30, 34, 29, 30, 30, 29, 29, 29, 30, 30, 30, 29, 30, 29, 33, 30, 30, 30, 30, 31, 30, 30, 29, 29, 30]
Levels: [30, 32, 30, 30, 30, 30, 30, 30, 29, 30, 32, 30, 29, 30, 30, 30, 30, 30, 30, 30, 30, 29, 30, 30, 30, 30, 30, 30, 30, 30, 30, 30, 30, 30, 30, 30, 31, 30, 30, 30, 29, 30, 29, 29, 30, 30, 30, 30, 34, 29, 30, 30, 29, 29, 29, 30, 30, 30, 29, 30, 29, 33, 30, 30, 30, 30, 31, 30, 30, 29, 29, 30]
Progress(34) at 2020-05-05 21:09:31: 658,857,918 states generated (653,424,730 s/min), 100,291,271 distinct states found (99,046,689 ds/min), 4,410,000,000 states left on queue.
Levels: [30, 32, 30, 30, 30, 30, 30, 30, 29, 30, 32, 30, 29, 30, 30, 30, 30, 30, 30, 30, 30, 29, 30, 30, 30, 30, 30, 30, 30, 30, 30, 30, 30, 30, 30, 30, 31, 30, 30, 30, 29, 30, 29, 29, 30, 30, 30, 30, 34, 29, 30, 30, 29, 29, 29, 30, 30, 30, 29, 30, 29, 33, 30, 30, 30, 30, 31, 30, 30, 29, 29, 30]
Levels: [31, 32, 31, 31, 31, 31, 31, 31, 31, 31, 35, 31, 31, 31, 31, 31, 31, 31, 32, 31, 31, 31, 31, 31, 31, 31, 31, 32, 32, 31, 31, 31, 31, 31, 31, 31, 31, 31, 31, 31, 31, 31, 31, 31, 31, 31, 31, 31, 34, 31, 31, 31, 31, 32, 31, 31, 31, 31, 32, 31, 31, 33, 31, 31, 31, 31, 32, 31, 31, 31, 31, 31]
Levels: [31, 32, 31, 31, 31, 31, 31, 31, 31, 31, 35, 31, 31, 31, 31, 31, 31, 31, 32, 31, 31, 31, 31, 31, 31, 31, 31, 32, 32, 31, 31, 31, 31, 31, 31, 31, 31, 31, 31, 31, 31, 31, 31, 31, 31, 31, 31, 31, 34, 31, 31, 31, 31, 32, 31, 31, 31, 31, 32, 31, 31, 33, 31, 31, 31, 31, 32, 31, 31, 31, 31, 31]
Progress(35) at 2020-05-05 21:10:32: 1,337,549,925 states generated (678,692,007 s/min), 191,093,888 distinct states found (90,802,617 ds/min), 7,360,000,000 states left on queue.
Levels: [31, 32, 31, 31, 31, 31, 31, 31, 31, 31, 35, 31, 31, 31, 31, 31, 31, 31, 32, 31, 31, 31, 31, 31, 31, 31, 31, 32, 32, 31, 31, 31, 31, 31, 31, 31, 31, 31, 31, 31, 31, 31, 31, 31, 31, 31, 31, 31, 34, 31, 31, 31, 31, 32, 31, 31, 31, 31, 32, 31, 31, 33, 31, 31, 31, 31, 32, 31, 31, 31, 31, 31]
Levels: [32, 33, 33, 33, 33, 33, 33, 33, 33, 33, 35, 32, 33, 33, 33, 33, 33, 33, 33, 33, 33, 33, 33, 33, 33, 33, 33, 32, 33, 33, 32, 33, 33, 33, 33, 33, 33, 33, 33, 32, 33, 33, 33, 33, 32, 33, 32, 33, 34, 33, 32, 33, 33, 32, 32, 33, 33, 33, 33, 33, 33, 33, 32, 33, 33, 33, 33, 33, 33, 32, 33, 32]
Levels: [32, 33, 33, 33, 33, 33, 33, 33, 33, 33, 35, 32, 33, 33, 33, 33, 33, 33, 33, 33, 33, 33, 33, 33, 33, 33, 33, 32, 33, 33, 32, 33, 33, 33, 33, 33, 33, 33, 33, 32, 33, 33, 33, 33, 32, 33, 32, 33, 34, 33, 32, 33, 33, 32, 32, 33, 33, 33, 33, 33, 33, 33, 32, 33, 33, 33, 33, 33, 33, 32, 33, 32]
Progress(35) at 2020-05-05 21:11:32: 2,007,883,145 states generated (670,333,220 s/min), 281,544,536 distinct states found (90,450,648 ds/min), 10,025,000,000 states left on queue.
Levels: [32, 33, 33, 33, 33, 33, 33, 33, 33, 33, 35, 32, 33, 33, 33, 33, 33, 33, 33, 33, 33, 33, 33, 33, 33, 33, 33, 32, 33, 33, 32, 33, 33, 33, 33, 33, 33, 33, 33, 32, 33, 33, 33, 33, 32, 33, 32, 33, 34, 33, 32, 33, 33, 32, 32, 33, 33, 33, 33, 33, 33, 33, 32, 33, 33, 33, 33, 33, 33, 32, 33, 32]
Levels: [33, 34, 33, 34, 33, 33, 33, 33, 33, 33, 35, 33, 33, 33, 33, 34, 33, 33, 33, 34, 33, 33, 33, 33, 33, 33, 34, 33, 33, 33, 33, 33, 33, 33, 33, 33, 33, 33, 33, 33, 33, 33, 33, 33, 33, 33, 33, 33, 34, 33, 33, 33, 33, 33, 33, 34, 33, 33, 33, 33, 34, 33, 34, 33, 33, 33, 33, 33, 33, 33, 33, 33]
Levels: [33, 34, 33, 34, 33, 33, 33, 33, 33, 33, 35, 33, 33, 33, 33, 34, 33, 33, 33, 34, 33, 33, 33, 33, 33, 33, 34, 33, 33, 33, 33, 33, 33, 33, 33, 33, 33, 33, 33, 33, 33, 33, 33, 33, 33, 33, 33, 33, 34, 33, 33, 33, 33, 33, 33, 34, 33, 33, 33, 33, 34, 33, 34, 33, 33, 33, 33, 33, 33, 33, 33, 33]
Progress(35) at 2020-05-05 21:12:32: 2,661,208,843 states generated (653,325,698 s/min), 371,660,722 distinct states found (90,116,186 ds/min), 12,510,000,000 states left on queue.
Levels: [33, 34, 33, 34, 33, 33, 33, 33, 33, 33, 35, 33, 33, 33, 33, 34, 33, 33, 33, 34, 33, 33, 33, 33, 33, 33, 34, 33, 33, 33, 33, 33, 33, 33, 33, 33, 33, 33, 33, 33, 33, 33, 33, 33, 33, 33, 33, 33, 34, 33, 33, 33, 33, 33, 33, 34, 33, 33, 33, 33, 34, 33, 34, 33, 33, 33, 33, 33, 33, 33, 33, 33]
Model checking completed. No error has been found.
  Estimates of the probability that TLC did not check all reachable states
  because two distinct states had the same fingerprint:
  calculated (optimistic):  val = .069
3248522406 states generated, 453950718 distinct states found, 55500000000 states left on queue.
Levels: [34, 34, 34, 34, 34, 34, 34, 34, 34, 34, 35, 34, 34, 34, 34, 34, 34, 34, 34, 34, 34, 34, 34, 34, 34, 34, 34, 34, 34, 34, 34, 34, 34, 34, 34, 34, 34, 34, 34, 34, 34, 34, 34, 34, 34, 34, 34, 34, 34, 34, 34, 34, 34, 34, 34, 34, 34, 34, 34, 34, 34, 34, 34, 34, 34, 34, 34, 34, 34, 34, 34, 34]
The depth of the complete state graph search is 35.
The average outdegree of the complete state graph is 1 (minimum is 0, the maximum 31 and the 95th percentile is 5).
Finished in 303946ms at (2020-05-05 21:13:30)
