Started recording 1. No limit specified, using maxsize=250MB as default.

Use jcmd 43937 JFR.dump name=1 to copy recording data to file.
TLC2 Version 2.15 of Day Month 20?? (rev: 89d72ba)
Running breadth-first search Model-Checking with fp 84 and seed 1132165305149812204 with 104 workers on 128 cores with 27305MB heap and 65536MB offheap memory [pid: 43937] (Linux 5.3.0-1020-azure amd64, Azul Systems, Inc. 14.0.1 x86_64, OffHeapDiskFPSet, DiskStateQueue).
Parsing file /mnt/markus/tlc-scalability/2020-05-05_m128/MC.tla
Parsing file /mnt/markus/tlc-scalability/2020-05-05_m128/Bakery.tla
Parsing file /tmp/TLC.tla
Parsing file /tmp/Naturals.tla
Parsing file /tmp/Sequences.tla
Parsing file /tmp/FiniteSets.tla
Semantic processing of module Naturals
Semantic processing of module Sequences
Semantic processing of module FiniteSets
Semantic processing of module TLC
Semantic processing of module Bakery
Semantic processing of module MC
Starting... (2020-05-05 20:12:39)
Loaded PageQueue (MemLimit=512, PageSize=8192)

Computing initial states...
Finished computing initial states: 1 distinct state generated at 2020-05-05 20:12:42.
Levels: [13, 17, 19, 5, 6, 7, 8, 9, 10, 11, 12, 14, 14, 15, 15, 15, 16, 15, 16, 16, 17, 16, 16, 17, 16, 16, 17, 16, 17, 17, 18, 18, 17, 17, 18, 16, 17, 18, 16, 17, 19, 17, 18, 17, 18, 17, 19, 18, 18, 19, 17, 18, 19, 17, 18, 17, 18, 17, 18, 18, 19, 20, 18, 18, 0, 18, 19, 20, 18, 19, 19, 20, 17, 0, 18, 0, 19, 0, 0, 0, 18, 0, 20, 0, 0, 0, 18, 19, 0, 20, 0, 0, 0, 0, 18, 0, 19, 19, 19, 0, 20, 0, 0, 18]
Levels: [13, 17, 19, 5, 6, 7, 8, 9, 10, 11, 12, 14, 14, 15, 15, 15, 16, 15, 16, 16, 17, 16, 16, 17, 16, 16, 17, 16, 17, 17, 18, 18, 17, 17, 18, 16, 17, 18, 16, 17, 19, 17, 18, 17, 18, 17, 19, 18, 18, 19, 17, 18, 19, 17, 18, 17, 18, 17, 18, 18, 19, 20, 18, 18, 0, 18, 19, 20, 18, 19, 19, 20, 17, 0, 18, 0, 19, 0, 0, 0, 18, 0, 20, 0, 0, 0, 18, 19, 0, 20, 0, 0, 0, 0, 18, 0, 19, 19, 19, 0, 20, 0, 0, 18]
Progress(20) at 2020-05-05 20:12:45: 2,764,130 states generated (2,764,130 s/min), 662,463 distinct states found (662,463 ds/min), 0 states left on queue.
Levels: [13, 17, 19, 5, 6, 7, 8, 9, 10, 11, 12, 14, 14, 15, 15, 15, 16, 15, 16, 16, 17, 16, 16, 17, 16, 16, 17, 16, 17, 17, 18, 18, 17, 17, 18, 16, 17, 18, 16, 17, 19, 17, 18, 17, 18, 17, 19, 18, 18, 19, 17, 18, 19, 17, 18, 17, 18, 17, 18, 18, 19, 20, 18, 18, 0, 18, 19, 20, 18, 19, 19, 20, 17, 0, 18, 0, 19, 0, 0, 0, 18, 0, 20, 0, 0, 0, 18, 19, 0, 20, 0, 0, 0, 0, 18, 0, 19, 19, 19, 0, 20, 0, 0, 18]
Levels: [30, 29, 30, 30, 29, 29, 30, 29, 29, 30, 30, 29, 30, 30, 30, 30, 30, 29, 30, 29, 30, 30, 30, 30, 30, 29, 29, 30, 29, 29, 30, 29, 29, 29, 30, 30, 29, 30, 30, 29, 29, 30, 29, 29, 30, 30, 29, 29, 30, 30, 30, 30, 29, 29, 29, 29, 29, 30, 29, 29, 30, 29, 30, 30, 29, 30, 30, 30, 30, 29, 29, 30, 29, 29, 30, 30, 30, 30, 29, 30, 30, 29, 30, 30, 29, 29, 30, 30, 29, 29, 29, 30, 30, 29, 30, 30, 30, 29, 30, 30, 30, 29, 30, 29]
Levels: [30, 29, 30, 30, 29, 29, 30, 29, 29, 30, 30, 29, 30, 30, 30, 30, 30, 29, 30, 29, 30, 30, 30, 30, 30, 29, 29, 30, 29, 29, 30, 29, 29, 29, 30, 30, 29, 30, 30, 29, 29, 30, 29, 29, 30, 30, 29, 29, 30, 30, 30, 30, 29, 29, 29, 29, 29, 30, 29, 29, 30, 29, 30, 30, 29, 30, 30, 30, 30, 29, 29, 30, 29, 29, 30, 30, 30, 30, 29, 30, 30, 29, 30, 30, 29, 29, 30, 30, 29, 29, 29, 30, 30, 29, 30, 30, 30, 29, 30, 30, 30, 29, 30, 29]
Progress(30) at 2020-05-05 20:13:45: 674,869,663 states generated (672,105,533 s/min), 103,558,381 distinct states found (102,895,918 ds/min), 4,523,000,000 states left on queue.
Levels: [30, 29, 30, 30, 29, 29, 30, 29, 29, 30, 30, 29, 30, 30, 30, 30, 30, 29, 30, 29, 30, 30, 30, 30, 30, 29, 29, 30, 29, 29, 30, 29, 29, 29, 30, 30, 29, 30, 30, 29, 29, 30, 29, 29, 30, 30, 29, 29, 30, 30, 30, 30, 29, 29, 29, 29, 29, 30, 29, 29, 30, 29, 30, 30, 29, 30, 30, 30, 30, 29, 29, 30, 29, 29, 30, 30, 30, 30, 29, 30, 30, 29, 30, 30, 29, 29, 30, 30, 29, 29, 29, 30, 30, 29, 30, 30, 30, 29, 30, 30, 30, 29, 30, 29]
Levels: [31, 31, 31, 31, 31, 31, 31, 31, 31, 31, 31, 31, 31, 31, 31, 31, 31, 31, 31, 31, 31, 31, 31, 31, 31, 31, 31, 31, 31, 31, 31, 31, 31, 31, 31, 31, 31, 31, 31, 31, 31, 31, 31, 31, 31, 31, 31, 31, 31, 31, 31, 31, 31, 31, 31, 31, 31, 31, 31, 31, 31, 31, 31, 31, 31, 31, 31, 31, 31, 31, 31, 31, 31, 31, 31, 31, 31, 31, 31, 31, 31, 31, 31, 31, 31, 31, 31, 31, 31, 31, 31, 31, 31, 31, 31, 31, 31, 31, 31, 30, 31, 31, 31, 31]
Levels: [31, 31, 31, 31, 31, 31, 31, 31, 31, 31, 31, 31, 31, 31, 31, 31, 31, 31, 31, 31, 31, 31, 31, 31, 31, 31, 31, 31, 31, 31, 31, 31, 31, 31, 31, 31, 31, 31, 31, 31, 31, 31, 31, 31, 31, 31, 31, 31, 31, 31, 31, 31, 31, 31, 31, 31, 31, 31, 31, 31, 31, 31, 31, 31, 31, 31, 31, 31, 31, 31, 31, 31, 31, 31, 31, 31, 31, 31, 31, 31, 31, 31, 31, 31, 31, 31, 31, 31, 31, 31, 31, 31, 31, 31, 31, 31, 31, 31, 31, 30, 31, 31, 31, 31]
Progress(31) at 2020-05-05 20:14:45: 1,369,272,786 states generated (694,403,123 s/min), 198,098,460 distinct states found (94,540,079 ds/min), 7,580,000,000 states left on queue.
Levels: [31, 31, 31, 31, 31, 31, 31, 31, 31, 31, 31, 31, 31, 31, 31, 31, 31, 31, 31, 31, 31, 31, 31, 31, 31, 31, 31, 31, 31, 31, 31, 31, 31, 31, 31, 31, 31, 31, 31, 31, 31, 31, 31, 31, 31, 31, 31, 31, 31, 31, 31, 31, 31, 31, 31, 31, 31, 31, 31, 31, 31, 31, 31, 31, 31, 31, 31, 31, 31, 31, 31, 31, 31, 31, 31, 31, 31, 31, 31, 31, 31, 31, 31, 31, 31, 31, 31, 31, 31, 31, 31, 31, 31, 31, 31, 31, 31, 31, 31, 30, 31, 31, 31, 31]
Levels: [33, 32, 32, 33, 33, 33, 32, 33, 33, 33, 33, 33, 33, 32, 33, 33, 32, 33, 33, 33, 33, 32, 33, 33, 32, 33, 32, 32, 33, 33, 32, 33, 32, 32, 32, 33, 32, 32, 32, 32, 32, 32, 33, 33, 33, 32, 32, 32, 32, 33, 33, 32, 32, 33, 32, 32, 32, 32, 32, 33, 33, 33, 33, 32, 32, 33, 33, 33, 32, 32, 32, 32, 33, 32, 32, 32, 33, 32, 33, 32, 32, 33, 33, 33, 33, 32, 32, 32, 32, 33, 32, 32, 32, 33, 32, 33, 33, 32, 32, 32, 32, 33, 33, 32]
Levels: [33, 32, 32, 33, 33, 33, 32, 33, 33, 33, 33, 33, 33, 32, 33, 33, 32, 33, 33, 33, 33, 32, 33, 33, 32, 33, 32, 32, 33, 33, 32, 33, 32, 32, 32, 33, 32, 32, 32, 32, 32, 32, 33, 33, 33, 32, 32, 32, 32, 33, 33, 32, 32, 33, 32, 32, 32, 32, 32, 33, 33, 33, 33, 32, 32, 33, 33, 33, 32, 32, 32, 32, 33, 32, 32, 32, 33, 32, 33, 32, 32, 33, 33, 33, 33, 32, 32, 32, 32, 33, 32, 32, 32, 33, 32, 33, 33, 32, 32, 32, 32, 33, 33, 32]
Progress(33) at 2020-05-05 20:15:45: 2,059,329,553 states generated (690,056,767 s/min), 292,330,573 distinct states found (94,232,113 ds/min), 10,293,000,000 states left on queue.
Levels: [33, 32, 32, 33, 33, 33, 32, 33, 33, 33, 33, 33, 33, 32, 33, 33, 32, 33, 33, 33, 33, 32, 33, 33, 32, 33, 32, 32, 33, 33, 32, 33, 32, 32, 32, 33, 32, 32, 32, 32, 32, 32, 33, 33, 33, 32, 32, 32, 32, 33, 33, 32, 32, 33, 32, 32, 32, 32, 32, 33, 33, 33, 33, 32, 32, 33, 33, 33, 32, 32, 32, 32, 33, 32, 32, 32, 33, 32, 33, 32, 32, 33, 33, 33, 33, 32, 32, 32, 32, 33, 32, 32, 32, 33, 32, 33, 33, 32, 32, 32, 32, 33, 33, 32]
Levels: [33, 33, 33, 33, 33, 33, 33, 33, 33, 33, 33, 33, 33, 33, 33, 33, 33, 33, 33, 33, 33, 33, 33, 33, 33, 33, 33, 33, 33, 33, 33, 33, 33, 33, 33, 33, 33, 33, 33, 33, 33, 33, 33, 33, 33, 33, 33, 33, 33, 33, 33, 33, 33, 33, 33, 33, 33, 33, 33, 33, 33, 33, 33, 33, 33, 33, 33, 33, 33, 33, 33, 33, 33, 33, 33, 33, 33, 33, 33, 33, 33, 33, 33, 33, 33, 33, 33, 33, 33, 33, 33, 33, 33, 33, 33, 33, 33, 33, 33, 33, 33, 33, 33, 33]
Levels: [33, 33, 33, 33, 33, 33, 33, 33, 33, 33, 33, 33, 33, 33, 33, 33, 33, 33, 33, 33, 33, 33, 33, 33, 33, 33, 33, 33, 33, 33, 33, 33, 33, 33, 33, 33, 33, 33, 33, 33, 33, 33, 33, 33, 33, 33, 33, 33, 33, 33, 33, 33, 33, 33, 33, 33, 33, 33, 33, 33, 33, 33, 33, 33, 33, 33, 33, 33, 33, 33, 33, 33, 33, 33, 33, 33, 33, 33, 33, 33, 33, 33, 33, 33, 33, 33, 33, 33, 33, 33, 33, 33, 33, 33, 33, 33, 33, 33, 33, 33, 33, 33, 33, 33]
Progress(33) at 2020-05-05 20:16:45: 2,746,834,683 states generated (687,505,130 s/min), 387,772,910 distinct states found (95,442,337 ds/min), 12,948,000,000 states left on queue.
Levels: [33, 33, 33, 33, 33, 33, 33, 33, 33, 33, 33, 33, 33, 33, 33, 33, 33, 33, 33, 33, 33, 33, 33, 33, 33, 33, 33, 33, 33, 33, 33, 33, 33, 33, 33, 33, 33, 33, 33, 33, 33, 33, 33, 33, 33, 33, 33, 33, 33, 33, 33, 33, 33, 33, 33, 33, 33, 33, 33, 33, 33, 33, 33, 33, 33, 33, 33, 33, 33, 33, 33, 33, 33, 33, 33, 33, 33, 33, 33, 33, 33, 33, 33, 33, 33, 33, 33, 33, 33, 33, 33, 33, 33, 33, 33, 33, 33, 33, 33, 33, 33, 33, 33, 33]
Model checking completed. No error has been found.
  Estimates of the probability that TLC did not check all reachable states
  because two distinct states had the same fingerprint:
  calculated (optimistic):  val = .074
3362558672 states generated, 472753222 distinct states found, 57814000000 states left on queue.
Levels: [34, 34, 34, 34, 34, 34, 34, 34, 34, 34, 34, 34, 34, 34, 34, 34, 34, 34, 34, 34, 34, 34, 34, 34, 34, 34, 34, 34, 34, 34, 34, 34, 34, 34, 34, 34, 34, 34, 34, 34, 34, 34, 34, 34, 34, 34, 34, 34, 34, 34, 34, 34, 34, 34, 34, 34, 34, 34, 34, 34, 34, 34, 34, 34, 34, 34, 34, 34, 34, 34, 34, 34, 34, 34, 34, 34, 34, 34, 34, 34, 34, 34, 34, 34, 34, 34, 34, 34, 34, 34, 34, 34, 34, 34, 34, 34, 34, 34, 34, 34, 34, 34, 34, 34]
The depth of the complete state graph search is 34.
The average outdegree of the complete state graph is 1 (minimum is 0, the maximum 31 and the 95th percentile is 5).
Finished in 304317ms at (2020-05-05 20:17:43)
