Started recording 1. No limit specified, using maxsize=250MB as default.

Use jcmd 53870 JFR.dump name=1 to copy recording data to file.
TLC2 Version 2.15 of Day Month 20?? (rev: 89d72ba)
Running breadth-first search Model-Checking with fp 24 and seed 1229677928898899972 with 120 workers on 128 cores with 27305MB heap and 65536MB offheap memory [pid: 53870] (Linux 5.3.0-1020-azure amd64, Azul Systems, Inc. 14.0.1 x86_64, OffHeapDiskFPSet, DiskStateQueue).
Parsing file /mnt/markus/tlc-scalability/2020-05-05_m128/MC.tla
Parsing file /mnt/markus/tlc-scalability/2020-05-05_m128/Bakery.tla
Parsing file /tmp/TLC.tla
Parsing file /tmp/Naturals.tla
Parsing file /tmp/Sequences.tla
Parsing file /tmp/FiniteSets.tla
Semantic processing of module Naturals
Semantic processing of module Sequences
Semantic processing of module FiniteSets
Semantic processing of module TLC
Semantic processing of module Bakery
Semantic processing of module MC
Starting... (2020-05-05 21:33:59)
Loaded PageQueue (MemLimit=512, PageSize=8192)

Computing initial states...
Finished computing initial states: 1 distinct state generated at 2020-05-05 21:34:01.
Levels: [15, 18, 19, 20, 19, 20, 8, 9, 20, 11, 12, 19, 14, 19, 15, 15, 16, 15, 16, 16, 17, 18, 16, 19, 17, 17, 18, 16, 17, 17, 18, 16, 17, 17, 18, 17, 21, 16, 17, 19, 19, 18, 16, 17, 18, 18, 17, 17, 18, 18, 21, 18, 17, 19, 18, 19, 20, 17, 18, 18, 19, 18, 19, 19, 20, 19, 18, 19, 19, 18, 17, 18, 20, 18, 19, 19, 18, 18, 19, 20, 19, 20, 19, 20, 20, 21, 20, 21, 18, 18, 19, 20, 19, 20, 18, 19, 0, 20, 18, 20, 0, 19, 0, 20, 20, 19, 0, 0, 19, 19, 18, 20, 21, 18, 19, 19, 0, 19, 0, 0]
Levels: [15, 18, 19, 20, 19, 20, 8, 9, 20, 11, 12, 19, 14, 19, 15, 15, 16, 15, 16, 16, 17, 18, 16, 19, 17, 17, 18, 16, 17, 17, 18, 16, 17, 17, 18, 17, 21, 16, 17, 19, 19, 18, 16, 17, 18, 18, 17, 17, 18, 18, 21, 18, 17, 19, 18, 19, 20, 17, 18, 18, 19, 18, 19, 19, 20, 19, 18, 19, 19, 18, 17, 18, 20, 18, 19, 19, 18, 18, 19, 20, 19, 20, 19, 20, 20, 21, 20, 21, 18, 18, 19, 20, 19, 20, 18, 19, 19, 20, 18, 20, 0, 19, 0, 20, 20, 19, 0, 0, 19, 19, 18, 20, 21, 18, 19, 19, 0, 19, 0, 0]
Progress(21) at 2020-05-05 21:34:05: 4,253,811 states generated (4,253,811 s/min), 995,117 distinct states found (995,117 ds/min), 90,000 states left on queue.
Levels: [15, 18, 19, 20, 19, 20, 8, 9, 20, 11, 12, 19, 14, 19, 15, 15, 16, 15, 16, 16, 17, 18, 16, 19, 17, 17, 18, 16, 17, 17, 18, 16, 17, 17, 18, 17, 21, 16, 17, 19, 19, 18, 16, 17, 18, 18, 17, 17, 18, 18, 21, 18, 17, 19, 18, 19, 20, 17, 18, 18, 19, 18, 19, 19, 20, 19, 18, 19, 19, 18, 17, 18, 20, 18, 19, 19, 18, 18, 19, 20, 19, 20, 19, 20, 20, 21, 20, 21, 18, 18, 19, 20, 19, 20, 18, 19, 19, 20, 18, 20, 19, 19, 0, 20, 20, 19, 0, 0, 19, 19, 18, 20, 21, 18, 19, 19, 0, 19, 0, 0]
Levels: [29, 29, 30, 30, 29, 30, 29, 29, 29, 30, 29, 29, 29, 30, 29, 30, 29, 29, 30, 29, 29, 29, 29, 29, 30, 29, 30, 29, 29, 29, 29, 29, 29, 29, 29, 30, 29, 30, 29, 30, 30, 30, 29, 29, 29, 29, 30, 30, 30, 30, 29, 29, 30, 29, 29, 29, 30, 30, 30, 30, 29, 30, 30, 29, 29, 29, 29, 29, 30, 29, 29, 30, 29, 29, 29, 29, 29, 29, 29, 30, 30, 29, 29, 29, 30, 29, 29, 30, 29, 29, 29, 29, 30, 30, 30, 29, 29, 29, 29, 30, 30, 30, 30, 30, 29, 29, 30, 29, 30, 29, 30, 29, 29, 29, 29, 30, 30, 30, 30, 29]
Levels: [29, 29, 30, 30, 29, 30, 29, 29, 29, 30, 29, 29, 29, 30, 29, 30, 29, 29, 30, 29, 29, 29, 29, 29, 30, 29, 30, 29, 29, 29, 29, 29, 29, 29, 29, 30, 29, 30, 29, 30, 30, 30, 29, 29, 29, 29, 30, 30, 30, 30, 29, 29, 30, 29, 29, 29, 30, 30, 30, 30, 29, 30, 30, 29, 29, 29, 29, 29, 30, 29, 29, 30, 29, 29, 29, 29, 29, 29, 29, 30, 30, 29, 29, 29, 30, 29, 29, 30, 29, 29, 29, 29, 30, 30, 30, 29, 29, 29, 29, 30, 30, 30, 30, 30, 29, 29, 30, 29, 30, 29, 30, 29, 29, 29, 29, 30, 30, 30, 30, 29]
Progress(30) at 2020-05-05 21:35:05: 678,131,515 states generated (673,877,704 s/min), 103,186,701 distinct states found (102,191,584 ds/min), 4,490,000,000 states left on queue.
Levels: [29, 29, 30, 30, 29, 30, 29, 29, 29, 30, 29, 29, 29, 30, 29, 30, 29, 29, 30, 29, 29, 29, 29, 29, 30, 29, 30, 29, 29, 29, 29, 29, 29, 29, 29, 30, 29, 30, 29, 30, 30, 30, 29, 29, 29, 29, 30, 30, 30, 30, 29, 29, 30, 29, 29, 29, 30, 30, 30, 30, 29, 30, 30, 29, 29, 29, 29, 29, 30, 29, 29, 30, 29, 29, 29, 29, 29, 29, 29, 30, 30, 29, 29, 29, 30, 29, 29, 30, 29, 29, 29, 29, 30, 30, 30, 29, 29, 29, 29, 30, 30, 30, 30, 30, 29, 29, 30, 29, 30, 29, 30, 29, 29, 29, 29, 30, 30, 30, 30, 29]
Levels: [31, 31, 31, 31, 31, 31, 31, 31, 31, 31, 31, 31, 31, 31, 31, 31, 31, 31, 31, 31, 31, 31, 31, 31, 31, 31, 31, 31, 31, 31, 31, 31, 31, 31, 31, 31, 31, 31, 31, 31, 31, 31, 31, 31, 31, 31, 31, 31, 31, 31, 31, 31, 31, 31, 31, 31, 31, 31, 31, 31, 31, 31, 31, 31, 31, 31, 31, 31, 31, 31, 31, 31, 31, 31, 31, 31, 31, 31, 31, 31, 31, 31, 31, 31, 31, 31, 31, 31, 31, 31, 31, 31, 31, 31, 31, 31, 31, 31, 31, 31, 31, 31, 31, 31, 31, 31, 31, 31, 31, 31, 31, 31, 31, 31, 31, 31, 31, 31, 31, 31]
Levels: [31, 31, 31, 31, 31, 31, 31, 31, 31, 31, 31, 31, 31, 31, 31, 31, 31, 31, 31, 31, 31, 31, 31, 31, 31, 31, 31, 31, 31, 31, 31, 31, 31, 31, 31, 31, 31, 31, 31, 31, 31, 31, 31, 31, 31, 31, 31, 31, 31, 31, 31, 31, 31, 31, 31, 31, 31, 31, 31, 31, 31, 31, 31, 31, 31, 31, 31, 31, 31, 31, 31, 31, 31, 31, 31, 31, 31, 31, 31, 31, 31, 31, 31, 31, 31, 31, 31, 31, 31, 31, 31, 31, 31, 31, 31, 31, 31, 31, 31, 31, 31, 31, 31, 31, 31, 31, 31, 31, 31, 31, 31, 31, 31, 31, 31, 31, 31, 31, 31, 31]
Progress(31) at 2020-05-05 21:36:05: 1,373,062,211 states generated (694,930,696 s/min), 197,148,293 distinct states found (93,961,592 ds/min), 7,492,000,000 states left on queue.
Levels: [31, 31, 31, 31, 31, 31, 31, 31, 31, 31, 31, 31, 31, 31, 31, 31, 31, 31, 31, 31, 31, 31, 31, 31, 31, 31, 31, 31, 31, 31, 31, 31, 31, 31, 31, 31, 31, 31, 31, 31, 31, 31, 31, 31, 31, 31, 31, 31, 31, 31, 31, 31, 31, 31, 31, 31, 31, 31, 31, 31, 31, 31, 31, 31, 31, 31, 31, 31, 31, 31, 31, 31, 31, 31, 31, 31, 31, 31, 31, 31, 31, 31, 31, 31, 31, 31, 31, 31, 31, 31, 31, 31, 31, 31, 31, 31, 31, 31, 31, 31, 31, 31, 31, 31, 31, 31, 31, 31, 31, 31, 31, 31, 31, 31, 31, 31, 31, 31, 31, 31]
Levels: [32, 33, 32, 33, 32, 32, 32, 32, 32, 32, 33, 32, 32, 32, 32, 32, 32, 32, 32, 32, 32, 32, 32, 32, 32, 32, 32, 32, 32, 32, 33, 33, 32, 32, 32, 32, 32, 32, 32, 32, 32, 32, 33, 32, 32, 32, 32, 33, 32, 32, 33, 32, 32, 33, 32, 32, 32, 33, 32, 32, 32, 32, 32, 33, 33, 32, 32, 32, 32, 32, 32, 33, 33, 33, 32, 33, 32, 32, 32, 32, 32, 32, 32, 32, 32, 32, 32, 32, 32, 32, 32, 33, 32, 32, 32, 32, 32, 32, 32, 32, 32, 33, 32, 32, 32, 32, 32, 33, 33, 32, 33, 32, 32, 32, 32, 32, 32, 32, 32, 32]
Levels: [32, 33, 32, 33, 32, 32, 32, 32, 32, 32, 33, 32, 32, 32, 32, 32, 32, 32, 32, 32, 32, 32, 32, 32, 32, 32, 32, 32, 32, 32, 33, 33, 32, 32, 32, 32, 32, 32, 32, 32, 32, 32, 33, 32, 32, 32, 32, 33, 32, 32, 33, 32, 32, 33, 32, 32, 32, 33, 32, 32, 32, 32, 32, 33, 33, 32, 32, 32, 32, 32, 32, 33, 33, 33, 32, 33, 32, 32, 32, 32, 32, 32, 32, 32, 32, 32, 32, 32, 32, 32, 32, 33, 32, 32, 32, 32, 32, 32, 32, 32, 32, 33, 32, 32, 32, 32, 32, 33, 33, 32, 33, 32, 32, 32, 32, 32, 32, 32, 32, 32]
Progress(33) at 2020-05-05 21:37:05: 2,072,888,345 states generated (699,826,134 s/min), 292,202,942 distinct states found (95,054,649 ds/min), 10,259,000,000 states left on queue.
Levels: [32, 33, 32, 33, 32, 32, 32, 32, 32, 32, 33, 32, 32, 32, 32, 32, 32, 32, 32, 32, 32, 32, 32, 32, 32, 32, 32, 32, 32, 32, 33, 33, 32, 32, 32, 32, 32, 32, 32, 32, 32, 32, 33, 32, 32, 32, 32, 33, 32, 32, 33, 32, 32, 33, 32, 32, 32, 33, 32, 32, 32, 32, 32, 33, 33, 32, 32, 32, 32, 32, 32, 33, 33, 33, 32, 33, 32, 32, 32, 32, 32, 32, 32, 32, 32, 32, 32, 32, 32, 32, 32, 33, 32, 32, 32, 32, 32, 32, 32, 32, 32, 33, 32, 32, 32, 32, 32, 33, 33, 32, 33, 32, 32, 32, 32, 32, 32, 32, 32, 32]
Levels: [33, 33, 33, 33, 33, 33, 33, 33, 33, 33, 33, 33, 33, 33, 33, 33, 33, 33, 33, 33, 33, 33, 33, 33, 33, 33, 33, 33, 33, 33, 33, 33, 33, 33, 33, 33, 33, 33, 33, 33, 33, 33, 33, 33, 33, 33, 33, 33, 33, 33, 33, 33, 33, 33, 33, 33, 33, 33, 33, 33, 33, 33, 33, 33, 33, 33, 33, 33, 33, 33, 33, 33, 33, 33, 33, 33, 33, 33, 33, 33, 33, 33, 33, 33, 33, 33, 33, 33, 33, 33, 33, 33, 33, 33, 33, 33, 33, 33, 33, 33, 33, 33, 33, 33, 33, 33, 33, 33, 33, 33, 33, 33, 33, 33, 33, 33, 33, 33, 33, 33]
Levels: [33, 33, 33, 33, 33, 33, 33, 33, 33, 33, 33, 33, 33, 33, 33, 33, 33, 33, 33, 33, 33, 33, 33, 33, 33, 33, 33, 33, 33, 33, 33, 33, 33, 33, 33, 33, 33, 33, 33, 33, 33, 33, 33, 33, 33, 33, 33, 33, 33, 33, 33, 33, 33, 33, 33, 33, 33, 33, 33, 33, 33, 33, 33, 33, 33, 33, 33, 33, 33, 33, 33, 33, 33, 33, 33, 33, 33, 33, 33, 33, 33, 33, 33, 33, 33, 33, 33, 33, 33, 33, 33, 33, 33, 33, 33, 33, 33, 33, 33, 33, 33, 33, 33, 33, 33, 33, 33, 33, 33, 33, 33, 33, 33, 33, 33, 33, 33, 33, 33, 33]
Progress(33) at 2020-05-05 21:38:05: 2,758,796,316 states generated (685,907,971 s/min), 387,828,721 distinct states found (95,625,779 ds/min), 12,895,000,000 states left on queue.
Levels: [33, 33, 33, 33, 33, 33, 33, 33, 33, 33, 33, 33, 33, 33, 33, 33, 33, 33, 33, 33, 33, 33, 33, 33, 33, 33, 33, 33, 33, 33, 33, 33, 33, 33, 33, 33, 33, 33, 33, 33, 33, 33, 33, 33, 33, 33, 33, 33, 33, 33, 33, 33, 33, 33, 33, 33, 33, 33, 33, 33, 33, 33, 33, 33, 33, 33, 33, 33, 33, 33, 33, 33, 33, 33, 33, 33, 33, 33, 33, 33, 33, 33, 33, 33, 33, 33, 33, 33, 33, 33, 33, 33, 33, 33, 33, 33, 33, 33, 33, 33, 33, 33, 33, 33, 33, 33, 33, 33, 33, 33, 33, 33, 33, 33, 33, 33, 33, 33, 33, 33]
Model checking completed. No error has been found.
  Estimates of the probability that TLC did not check all reachable states
  because two distinct states had the same fingerprint:
  calculated (optimistic):  val = .075
3390439260 states generated, 474445137 distinct states found, 58037000000 states left on queue.
Levels: [34, 34, 34, 34, 34, 34, 34, 34, 34, 34, 34, 34, 34, 34, 34, 34, 34, 34, 34, 34, 34, 34, 34, 34, 34, 34, 34, 34, 34, 34, 34, 34, 34, 34, 34, 34, 34, 34, 34, 34, 34, 34, 34, 34, 34, 34, 34, 34, 34, 34, 34, 34, 34, 34, 34, 34, 34, 34, 34, 34, 34, 34, 34, 34, 34, 34, 34, 34, 34, 34, 34, 34, 34, 34, 34, 34, 34, 34, 34, 34, 34, 34, 34, 34, 34, 34, 34, 34, 34, 34, 34, 34, 34, 34, 34, 34, 34, 34, 34, 34, 34, 34, 34, 34, 34, 34, 34, 34, 34, 34, 34, 34, 34, 34, 34, 34, 34, 34, 34, 34]
The depth of the complete state graph search is 34.
The average outdegree of the complete state graph is 1 (minimum is 0, the maximum 31 and the 95th percentile is 5).
Finished in 304294ms at (2020-05-05 21:39:03)
