Started recording 1. No limit specified, using maxsize=250MB as default.

Use jcmd 17895 JFR.dump name=1 to copy recording data to file.
TLC2 Version 2.15 of Day Month 20?? (rev: 89d72ba)
Running breadth-first search Model-Checking with fp 79 and seed -3198929340199502293 with 120 workers on 128 cores with 27305MB heap and 65536MB offheap memory [pid: 17895] (Linux 5.3.0-1020-azure amd64, Azul Systems, Inc. 14.0.1 x86_64, OffHeapDiskFPSet, DiskStateQueue).
Parsing file /mnt/markus/tlc-scalability/2020-05-05_m128/MC.tla
Parsing file /mnt/markus/tlc-scalability/2020-05-05_m128/Bakery.tla
Parsing file /tmp/TLC.tla
Parsing file /tmp/Naturals.tla
Parsing file /tmp/Sequences.tla
Parsing file /tmp/FiniteSets.tla
Semantic processing of module Naturals
Semantic processing of module Sequences
Semantic processing of module FiniteSets
Semantic processing of module TLC
Semantic processing of module Bakery
Semantic processing of module MC
Starting... (2020-05-05 16:31:15)
Loaded PageQueue (MemLimit=512, PageSize=4096)

Computing initial states...
Finished computing initial states: 1 distinct state generated at 2020-05-05 16:31:18.
Levels: [20, 20, 20, 21, 20, 21, 21, 19, 21, 20, 19, 18, 21, 22, 20, 20, 19, 18, 21, 19, 21, 19, 20, 21, 20, 20, 20, 19, 20, 18, 19, 20, 21, 21, 20, 22, 18, 18, 19, 19, 20, 21, 20, 21, 19, 19, 19, 19, 20, 19, 20, 20, 20, 20, 19, 20, 20, 19, 20, 19, 19, 19, 20, 19, 21, 19, 22, 19, 20, 19, 20, 19, 19, 20, 19, 20, 20, 21, 20, 19, 19, 21, 20, 19, 21, 20, 21, 21, 22, 20, 19, 22, 20, 20, 23, 20, 19, 20, 20, 19, 20, 19, 19, 20, 21, 19, 20, 19, 20, 20, 22, 20, 20, 20, 19, 19, 23, 20, 20, 18]
Levels: [20, 20, 20, 21, 20, 21, 21, 19, 21, 20, 19, 18, 21, 22, 20, 20, 19, 18, 21, 19, 21, 19, 20, 21, 20, 20, 20, 19, 20, 18, 19, 20, 21, 21, 20, 22, 18, 18, 19, 19, 20, 21, 20, 21, 19, 19, 19, 19, 20, 19, 20, 20, 20, 20, 19, 20, 20, 19, 20, 19, 19, 19, 20, 19, 21, 19, 22, 19, 20, 19, 20, 19, 20, 20, 19, 20, 20, 21, 20, 19, 19, 21, 20, 19, 21, 20, 21, 21, 22, 20, 19, 22, 20, 20, 23, 20, 19, 20, 20, 19, 20, 19, 19, 20, 21, 19, 20, 19, 20, 20, 22, 20, 20, 20, 19, 19, 23, 20, 20, 18]
Progress(23) at 2020-05-05 16:31:21: 7,767,577 states generated (7,767,577 s/min), 1,695,412 distinct states found (1,695,412 ds/min), 2,110,000 states left on queue.
Levels: [20, 20, 20, 21, 20, 21, 21, 19, 21, 20, 19, 18, 21, 22, 20, 20, 19, 18, 21, 19, 21, 19, 20, 21, 20, 20, 20, 19, 20, 18, 19, 20, 21, 21, 20, 22, 18, 18, 19, 19, 20, 21, 20, 21, 19, 19, 20, 19, 20, 19, 20, 20, 20, 20, 19, 20, 20, 19, 20, 19, 19, 19, 20, 19, 21, 19, 22, 19, 20, 19, 20, 19, 20, 20, 19, 20, 20, 21, 20, 19, 19, 21, 20, 19, 21, 20, 21, 21, 22, 20, 19, 22, 20, 20, 23, 20, 19, 20, 20, 19, 20, 19, 19, 20, 21, 19, 20, 19, 20, 20, 22, 20, 20, 20, 19, 19, 23, 20, 20, 18]
Levels: [30, 30, 30, 31, 30, 31, 30, 30, 31, 31, 30, 31, 30, 31, 30, 30, 31, 30, 31, 30, 30, 31, 30, 30, 30, 30, 31, 31, 31, 31, 30, 29, 31, 31, 30, 30, 30, 31, 30, 30, 30, 31, 30, 31, 31, 30, 30, 31, 30, 30, 31, 31, 31, 31, 30, 30, 31, 30, 29, 31, 30, 30, 31, 30, 30, 30, 30, 30, 30, 30, 30, 30, 30, 30, 30, 30, 31, 30, 31, 31, 31, 30, 31, 30, 30, 30, 30, 30, 30, 30, 31, 31, 31, 30, 30, 30, 30, 31, 31, 30, 31, 31, 31, 30, 30, 30, 31, 31, 30, 30, 31, 30, 30, 30, 30, 30, 31, 30, 30, 31]
Levels: [30, 30, 30, 31, 30, 31, 30, 30, 31, 31, 30, 31, 30, 31, 30, 30, 31, 30, 31, 30, 30, 31, 30, 30, 30, 30, 31, 31, 31, 31, 30, 29, 31, 31, 30, 30, 30, 31, 30, 30, 30, 31, 30, 31, 31, 30, 30, 31, 30, 30, 31, 31, 31, 31, 30, 30, 31, 30, 29, 31, 30, 30, 31, 30, 30, 30, 30, 30, 30, 30, 30, 30, 30, 30, 30, 30, 31, 30, 31, 31, 31, 30, 31, 30, 30, 30, 30, 30, 30, 30, 31, 31, 31, 30, 30, 30, 30, 31, 31, 30, 31, 31, 31, 30, 30, 30, 31, 31, 30, 30, 31, 30, 30, 30, 30, 30, 31, 30, 30, 31]
Progress(31) at 2020-05-05 16:32:21: 768,435,719 states generated (760,668,142 s/min), 116,105,501 distinct states found (114,410,089 ds/min), 9,969,000,000 states left on queue.
Levels: [30, 30, 30, 31, 30, 31, 30, 30, 31, 31, 30, 31, 30, 31, 30, 30, 31, 30, 31, 30, 30, 31, 30, 30, 30, 30, 31, 31, 31, 31, 30, 29, 31, 31, 30, 30, 30, 31, 30, 30, 30, 31, 30, 31, 31, 30, 30, 31, 30, 30, 31, 31, 31, 31, 30, 30, 31, 30, 29, 31, 30, 30, 31, 30, 30, 30, 30, 30, 30, 30, 30, 30, 30, 30, 30, 30, 31, 30, 31, 31, 31, 30, 31, 30, 30, 30, 30, 30, 30, 30, 31, 31, 31, 30, 30, 30, 30, 31, 31, 30, 31, 31, 31, 30, 30, 30, 31, 31, 30, 30, 31, 30, 30, 30, 30, 30, 31, 30, 30, 31]
Levels: [32, 32, 32, 32, 32, 32, 32, 32, 32, 32, 32, 32, 32, 32, 32, 32, 32, 32, 32, 32, 32, 32, 32, 32, 32, 32, 32, 32, 32, 32, 32, 32, 32, 32, 32, 32, 32, 32, 32, 32, 32, 32, 32, 32, 32, 32, 32, 32, 32, 32, 32, 32, 32, 32, 32, 32, 32, 32, 32, 32, 32, 32, 32, 32, 32, 32, 32, 32, 32, 32, 32, 32, 32, 32, 32, 32, 32, 32, 32, 32, 32, 32, 32, 32, 32, 32, 32, 32, 32, 32, 32, 32, 32, 32, 32, 32, 32, 32, 32, 32, 32, 32, 32, 32, 32, 32, 32, 32, 32, 32, 32, 32, 32, 32, 32, 32, 32, 32, 32, 32]
Levels: [32, 32, 32, 32, 32, 32, 32, 32, 32, 32, 32, 32, 32, 32, 32, 32, 32, 32, 32, 32, 32, 32, 32, 32, 32, 32, 32, 32, 32, 32, 32, 32, 32, 32, 32, 32, 32, 32, 32, 32, 32, 32, 32, 32, 32, 32, 32, 32, 32, 32, 32, 32, 32, 32, 32, 32, 32, 32, 32, 32, 32, 32, 32, 32, 32, 32, 32, 32, 32, 32, 32, 32, 32, 32, 32, 32, 32, 32, 32, 32, 32, 32, 32, 32, 32, 32, 32, 32, 32, 32, 32, 32, 32, 32, 32, 32, 32, 32, 32, 32, 32, 32, 32, 32, 32, 32, 32, 32, 32, 32, 32, 32, 32, 32, 32, 32, 32, 32, 32, 32]
Progress(32) at 2020-05-05 16:33:21: 1,552,201,759 states generated (783,766,040 s/min), 221,876,149 distinct states found (105,770,648 ds/min), 16,578,000,000 states left on queue.
Levels: [32, 32, 32, 32, 32, 32, 32, 32, 32, 32, 32, 32, 32, 32, 32, 32, 32, 32, 32, 32, 32, 32, 32, 32, 32, 32, 32, 32, 32, 32, 32, 32, 32, 32, 32, 32, 32, 32, 32, 32, 32, 32, 32, 32, 32, 32, 32, 32, 32, 32, 32, 32, 32, 32, 32, 32, 32, 32, 32, 32, 32, 32, 32, 32, 32, 32, 32, 32, 32, 32, 32, 32, 32, 32, 32, 32, 32, 32, 32, 32, 32, 32, 32, 32, 32, 32, 32, 32, 32, 32, 32, 32, 32, 32, 32, 32, 32, 32, 32, 32, 32, 32, 32, 32, 32, 32, 32, 32, 32, 32, 32, 32, 32, 32, 32, 32, 32, 32, 32, 32]
Levels: [33, 34, 34, 34, 33, 33, 33, 33, 33, 34, 33, 33, 33, 34, 33, 33, 33, 33, 34, 33, 33, 33, 33, 34, 33, 33, 34, 33, 33, 33, 33, 33, 33, 33, 34, 33, 34, 34, 33, 33, 33, 33, 33, 34, 33, 33, 33, 33, 33, 33, 33, 33, 34, 33, 33, 33, 34, 33, 33, 34, 33, 33, 33, 33, 34, 33, 34, 34, 33, 34, 33, 33, 34, 34, 33, 34, 34, 33, 33, 33, 34, 33, 33, 34, 33, 33, 33, 33, 33, 33, 33, 33, 33, 33, 33, 34, 33, 34, 33, 33, 33, 34, 34, 33, 34, 33, 34, 34, 33, 33, 33, 33, 34, 33, 33, 33, 34, 33, 33, 33]
Levels: [33, 34, 34, 34, 33, 33, 33, 33, 33, 34, 33, 33, 33, 34, 33, 33, 33, 33, 34, 33, 33, 33, 33, 34, 33, 33, 34, 33, 33, 33, 33, 33, 33, 33, 34, 33, 34, 34, 33, 33, 33, 33, 33, 34, 33, 33, 33, 33, 33, 33, 33, 33, 34, 33, 33, 33, 34, 33, 33, 34, 33, 33, 33, 33, 34, 33, 34, 34, 33, 34, 33, 33, 34, 34, 33, 34, 34, 33, 33, 33, 34, 33, 33, 34, 33, 33, 33, 33, 33, 33, 33, 33, 33, 33, 33, 34, 33, 34, 33, 33, 33, 34, 34, 33, 34, 33, 34, 34, 33, 33, 33, 33, 34, 33, 33, 33, 34, 33, 33, 33]
Progress(34) at 2020-05-05 16:34:21: 2,317,603,153 states generated (765,401,394 s/min), 327,795,241 distinct states found (105,919,092 ds/min), 22,588,000,000 states left on queue.
Levels: [33, 34, 34, 34, 33, 33, 33, 33, 33, 34, 33, 33, 33, 34, 33, 33, 33, 33, 34, 33, 33, 33, 33, 34, 33, 33, 34, 33, 33, 33, 33, 33, 33, 33, 34, 33, 34, 34, 33, 33, 33, 33, 33, 34, 33, 33, 33, 33, 33, 33, 33, 33, 34, 33, 33, 33, 34, 33, 33, 34, 33, 33, 33, 33, 34, 33, 34, 34, 33, 34, 33, 33, 34, 34, 33, 34, 34, 33, 33, 33, 34, 33, 33, 34, 33, 33, 33, 33, 33, 33, 33, 33, 33, 33, 33, 34, 33, 34, 33, 33, 33, 34, 34, 33, 34, 33, 34, 34, 33, 33, 33, 33, 34, 33, 33, 33, 34, 33, 33, 33]
Levels: [34, 34, 34, 34, 34, 34, 34, 35, 34, 34, 34, 34, 34, 34, 34, 35, 34, 35, 34, 34, 34, 34, 34, 34, 34, 34, 34, 34, 34, 34, 34, 34, 35, 34, 34, 34, 35, 34, 34, 34, 34, 34, 34, 34, 34, 34, 34, 34, 34, 34, 34, 35, 34, 34, 35, 34, 34, 34, 34, 35, 34, 34, 34, 34, 34, 34, 34, 34, 35, 34, 34, 34, 35, 34, 34, 34, 34, 34, 34, 34, 34, 34, 34, 34, 34, 34, 35, 34, 34, 35, 34, 34, 35, 34, 34, 34, 34, 34, 34, 34, 34, 34, 34, 34, 35, 34, 35, 34, 34, 34, 34, 34, 34, 34, 34, 34, 34, 34, 34, 34]
Levels: [34, 34, 34, 34, 34, 34, 34, 35, 34, 34, 34, 34, 34, 34, 34, 35, 34, 35, 34, 34, 34, 34, 34, 34, 34, 34, 34, 34, 34, 34, 34, 34, 35, 34, 34, 34, 35, 34, 34, 34, 34, 34, 34, 34, 34, 34, 34, 34, 34, 34, 34, 35, 34, 34, 35, 34, 34, 34, 34, 35, 34, 34, 34, 34, 34, 34, 34, 34, 35, 34, 34, 34, 35, 34, 34, 34, 34, 34, 34, 34, 34, 34, 34, 34, 34, 34, 35, 34, 34, 35, 34, 34, 35, 34, 34, 34, 34, 34, 34, 34, 34, 34, 34, 34, 35, 34, 35, 34, 34, 34, 34, 34, 34, 34, 34, 34, 34, 34, 34, 34]
Progress(35) at 2020-05-05 16:35:21: 3,077,475,718 states generated (759,872,565 s/min), 433,875,360 distinct states found (106,080,119 ds/min), 28,211,000,000 states left on queue.
Levels: [34, 34, 34, 34, 34, 34, 34, 35, 34, 34, 34, 34, 34, 34, 34, 35, 34, 35, 34, 34, 34, 34, 34, 34, 34, 34, 34, 34, 34, 34, 34, 34, 35, 34, 34, 34, 35, 34, 34, 34, 34, 34, 34, 34, 34, 34, 34, 34, 34, 34, 34, 35, 34, 34, 35, 34, 34, 34, 34, 35, 34, 34, 34, 34, 34, 34, 34, 34, 35, 34, 34, 34, 35, 34, 34, 34, 34, 34, 34, 34, 34, 34, 34, 34, 34, 34, 35, 34, 34, 35, 34, 34, 35, 34, 34, 34, 34, 34, 34, 34, 34, 34, 34, 34, 35, 34, 35, 34, 34, 34, 34, 34, 34, 34, 34, 34, 34, 34, 34, 34]
Model checking completed. No error has been found.
  Estimates of the probability that TLC did not check all reachable states
  because two distinct states had the same fingerprint:
  calculated (optimistic):  val = .093
3761839679 states generated, 528815696 distinct states found, 129223000000 states left on queue.
Levels: [35, 35, 35, 35, 35, 35, 35, 35, 35, 35, 35, 35, 35, 35, 35, 35, 35, 35, 35, 35, 35, 35, 35, 35, 35, 35, 35, 35, 35, 35, 35, 35, 35, 35, 35, 35, 35, 35, 35, 35, 35, 35, 35, 35, 35, 35, 35, 35, 35, 35, 35, 35, 35, 35, 35, 35, 35, 35, 35, 35, 35, 35, 35, 35, 35, 35, 35, 35, 35, 35, 35, 35, 35, 35, 35, 35, 35, 35, 35, 35, 35, 35, 35, 35, 35, 35, 35, 35, 35, 35, 35, 35, 35, 35, 35, 35, 35, 35, 35, 35, 35, 35, 35, 35, 35, 35, 35, 35, 35, 35, 35, 35, 35, 35, 35, 35, 35, 35, 35, 35]
The depth of the complete state graph search is 35.
The average outdegree of the complete state graph is 1 (minimum is 0, the maximum 31 and the 95th percentile is 5).
Finished in 304987ms at (2020-05-05 16:36:19)
