Started recording 1. No limit specified, using maxsize=250MB as default.

Use jcmd 28503 JFR.dump name=1 to copy recording data to file.
TLC2 Version 2.15 of Day Month 20?? (rev: 89d72ba)
Running breadth-first search Model-Checking with fp 94 and seed -8833740275552979136 with 128 workers on 128 cores with 27305MB heap and 65536MB offheap memory [pid: 28503] (Linux 5.3.0-1020-azure amd64, Azul Systems, Inc. 14.0.1 x86_64, OffHeapDiskFPSet, DiskStateQueue).
Parsing file /mnt/markus/tlc-scalability/2020-05-05_m128/MC.tla
Parsing file /mnt/markus/tlc-scalability/2020-05-05_m128/Bakery.tla
Parsing file /tmp/TLC.tla
Parsing file /tmp/Naturals.tla
Parsing file /tmp/Sequences.tla
Parsing file /tmp/FiniteSets.tla
Semantic processing of module Naturals
Semantic processing of module Sequences
Semantic processing of module FiniteSets
Semantic processing of module TLC
Semantic processing of module Bakery
Semantic processing of module MC
Starting... (2020-05-05 17:57:50)
Loaded PageQueue (MemLimit=512, PageSize=4096)

Computing initial states...
Finished computing initial states: 1 distinct state generated at 2020-05-05 17:57:53.
Levels: [12, 3, 4, 5, 6, 7, 8, 9, 10, 11, 13, 13, 14, 14, 14, 15, 14, 15, 15, 16, 15, 16, 17, 0, 15, 16, 15, 0, 0, 0, 16, 17, 0, 0, 0, 0, 0, 0, 0, 0, 0, 0, 0, 0, 0, 0, 0, 0, 0, 0, 0, 0, 0, 0, 0, 0, 0, 0, 0, 0, 0, 0, 0, 0, 0, 0, 0, 0, 0, 0, 0, 0, 0, 0, 0, 0, 0, 0, 0, 0, 0, 0, 0, 0, 0, 0, 0, 0, 0, 0, 0, 0, 0, 0, 0, 0, 0, 0, 0, 0, 0, 0, 0, 0, 0, 0, 0, 0, 0, 0, 0, 0, 0, 0, 0, 0, 0, 0, 0, 0, 0, 0, 0, 0, 0, 0, 0, 0]
Levels: [12, 3, 4, 5, 6, 7, 8, 9, 10, 11, 13, 13, 14, 14, 14, 15, 14, 15, 15, 16, 15, 16, 17, 0, 15, 16, 15, 0, 0, 0, 16, 17, 0, 0, 0, 0, 0, 0, 0, 0, 0, 0, 0, 0, 0, 0, 0, 0, 0, 0, 0, 0, 0, 0, 0, 0, 0, 0, 0, 0, 0, 0, 0, 0, 0, 0, 0, 0, 0, 0, 0, 0, 0, 0, 0, 0, 0, 0, 0, 0, 0, 0, 0, 0, 0, 0, 0, 0, 0, 0, 0, 0, 0, 0, 0, 0, 0, 0, 0, 0, 0, 0, 0, 0, 0, 0, 0, 0, 0, 0, 0, 0, 0, 0, 0, 0, 0, 0, 0, 0, 0, 0, 0, 0, 0, 0, 0, 0]
Progress(17) at 2020-05-05 17:57:56: 335,214 states generated (335,214 s/min), 82,875 distinct states found (82,875 ds/min), 0 states left on queue.
Levels: [12, 3, 4, 5, 6, 7, 8, 9, 10, 11, 13, 13, 14, 14, 14, 15, 14, 15, 15, 16, 15, 16, 17, 0, 15, 16, 15, 0, 0, 0, 16, 17, 0, 0, 0, 0, 0, 0, 0, 0, 0, 0, 0, 0, 0, 0, 0, 0, 0, 0, 0, 0, 0, 0, 0, 0, 0, 0, 0, 0, 0, 0, 0, 0, 0, 0, 0, 0, 0, 0, 0, 0, 0, 0, 0, 0, 0, 0, 0, 0, 0, 0, 0, 0, 0, 0, 0, 0, 0, 0, 0, 0, 0, 0, 0, 0, 0, 0, 0, 0, 0, 0, 0, 0, 0, 0, 0, 0, 0, 0, 0, 0, 0, 0, 0, 0, 0, 0, 0, 0, 0, 0, 0, 0, 0, 0, 0, 0]
Levels: [31, 31, 31, 31, 30, 30, 30, 31, 30, 31, 30, 31, 31, 31, 31, 31, 31, 30, 31, 31, 30, 30, 31, 31, 30, 31, 31, 31, 31, 31, 31, 31, 31, 31, 30, 31, 30, 31, 31, 31, 30, 30, 31, 31, 31, 31, 30, 31, 30, 30, 31, 30, 31, 31, 31, 31, 31, 30, 30, 30, 30, 30, 31, 31, 31, 31, 31, 30, 30, 30, 31, 31, 30, 31, 31, 31, 30, 31, 31, 31, 30, 31, 31, 31, 30, 30, 31, 31, 30, 30, 31, 31, 31, 31, 31, 30, 31, 31, 31, 31, 31, 30, 31, 30, 30, 30, 31, 31, 30, 30, 31, 30, 31, 31, 31, 31, 30, 31, 31, 31, 31, 31, 30, 30, 30, 31, 31, 31]
Levels: [31, 31, 31, 31, 30, 30, 30, 31, 30, 31, 30, 31, 31, 31, 31, 31, 31, 30, 31, 31, 30, 30, 31, 31, 30, 31, 31, 31, 31, 31, 31, 31, 31, 31, 30, 31, 30, 31, 31, 31, 30, 30, 31, 31, 31, 31, 30, 31, 30, 30, 31, 30, 31, 31, 31, 31, 31, 30, 30, 30, 30, 30, 31, 31, 31, 31, 31, 30, 30, 30, 31, 31, 30, 31, 31, 31, 30, 31, 31, 31, 30, 31, 31, 31, 30, 30, 31, 31, 30, 30, 31, 31, 31, 31, 31, 30, 31, 31, 31, 31, 31, 30, 31, 30, 30, 30, 31, 31, 30, 30, 31, 30, 31, 31, 31, 31, 30, 31, 31, 31, 31, 31, 30, 30, 30, 31, 31, 31]
Progress(31) at 2020-05-05 17:58:56: 804,558,972 states generated (804,223,758 s/min), 119,436,418 distinct states found (119,353,543 ds/min), 10,174,000,000 states left on queue.
Levels: [31, 31, 31, 31, 30, 30, 30, 31, 30, 31, 30, 31, 31, 31, 31, 31, 31, 30, 31, 31, 30, 30, 31, 31, 30, 31, 31, 31, 31, 31, 31, 31, 31, 31, 30, 31, 30, 31, 31, 31, 30, 30, 31, 31, 31, 31, 30, 31, 30, 30, 31, 30, 31, 31, 31, 31, 31, 30, 30, 30, 30, 30, 31, 31, 31, 31, 31, 30, 30, 30, 31, 31, 30, 31, 31, 31, 30, 31, 31, 31, 30, 31, 31, 31, 30, 30, 31, 31, 30, 30, 31, 31, 31, 31, 31, 30, 31, 31, 31, 31, 31, 30, 31, 30, 30, 30, 31, 31, 30, 30, 31, 30, 31, 31, 31, 31, 30, 31, 31, 31, 31, 31, 30, 30, 30, 31, 31, 31]
Levels: [33, 33, 33, 33, 33, 32, 33, 33, 33, 33, 33, 33, 33, 33, 32, 33, 33, 33, 33, 33, 33, 32, 33, 32, 33, 33, 33, 33, 33, 33, 33, 33, 33, 33, 33, 33, 33, 33, 33, 33, 33, 32, 33, 33, 33, 33, 33, 32, 33, 33, 33, 33, 33, 33, 33, 33, 33, 32, 32, 33, 33, 33, 33, 33, 33, 33, 33, 33, 33, 33, 33, 33, 33, 33, 33, 33, 33, 33, 33, 33, 33, 33, 33, 33, 33, 33, 33, 33, 33, 33, 33, 33, 33, 33, 33, 33, 33, 33, 33, 33, 33, 33, 33, 33, 33, 33, 32, 33, 33, 33, 33, 33, 33, 33, 33, 33, 33, 33, 33, 33, 33, 33, 33, 33, 33, 33, 33, 32]
Levels: [33, 33, 33, 33, 33, 32, 33, 33, 33, 33, 33, 33, 33, 33, 32, 33, 33, 33, 33, 33, 33, 32, 33, 32, 33, 33, 33, 33, 33, 33, 33, 33, 33, 33, 33, 33, 33, 33, 33, 33, 33, 32, 33, 33, 33, 33, 33, 32, 33, 33, 33, 33, 33, 33, 33, 33, 33, 32, 32, 33, 33, 33, 33, 33, 33, 33, 33, 33, 33, 33, 33, 33, 33, 33, 33, 33, 33, 33, 33, 33, 33, 33, 33, 33, 33, 33, 33, 33, 33, 33, 33, 33, 33, 33, 33, 33, 33, 33, 33, 33, 33, 33, 33, 33, 33, 33, 32, 33, 33, 33, 33, 33, 33, 33, 33, 33, 33, 33, 33, 33, 33, 33, 33, 33, 33, 33, 33, 32]
Progress(33) at 2020-05-05 17:59:56: 1,636,591,424 states generated (832,032,452 s/min), 231,637,570 distinct states found (112,201,152 ds/min), 17,166,000,000 states left on queue.
Levels: [33, 33, 33, 33, 33, 32, 33, 33, 33, 33, 33, 33, 33, 33, 32, 33, 33, 33, 33, 33, 33, 32, 33, 32, 33, 33, 33, 33, 33, 33, 33, 33, 33, 33, 33, 33, 33, 33, 33, 33, 33, 32, 33, 33, 33, 33, 33, 32, 33, 33, 33, 33, 33, 33, 33, 33, 33, 32, 32, 33, 33, 33, 33, 33, 33, 33, 33, 33, 33, 33, 33, 33, 33, 33, 33, 33, 33, 33, 33, 33, 33, 33, 33, 33, 33, 33, 33, 33, 33, 33, 33, 33, 33, 33, 33, 33, 33, 33, 33, 33, 33, 33, 33, 33, 33, 33, 32, 33, 33, 33, 33, 33, 33, 33, 33, 33, 33, 33, 33, 33, 33, 33, 33, 33, 33, 33, 33, 32]
Levels: [34, 33, 34, 34, 34, 34, 34, 34, 34, 34, 34, 34, 34, 34, 34, 34, 34, 34, 34, 34, 34, 34, 34, 34, 34, 34, 34, 34, 34, 34, 34, 34, 34, 34, 34, 34, 34, 34, 34, 34, 34, 34, 34, 34, 34, 34, 34, 34, 34, 34, 34, 34, 33, 34, 34, 34, 34, 34, 34, 34, 34, 34, 34, 34, 34, 34, 34, 34, 34, 34, 34, 34, 34, 34, 34, 34, 34, 34, 34, 34, 34, 34, 34, 34, 34, 34, 34, 34, 34, 34, 34, 34, 34, 34, 34, 34, 33, 34, 34, 34, 34, 34, 34, 34, 34, 34, 34, 34, 34, 34, 34, 34, 34, 34, 34, 34, 34, 34, 34, 34, 34, 34, 34, 34, 34, 34, 34, 34]
Levels: [34, 33, 34, 34, 34, 34, 34, 34, 34, 34, 34, 34, 34, 34, 34, 34, 34, 34, 34, 34, 34, 34, 34, 34, 34, 34, 34, 34, 34, 34, 34, 34, 34, 34, 34, 34, 34, 34, 34, 34, 34, 34, 34, 34, 34, 34, 34, 34, 34, 34, 34, 34, 33, 34, 34, 34, 34, 34, 34, 34, 34, 34, 34, 34, 34, 34, 34, 34, 34, 34, 34, 34, 34, 34, 34, 34, 34, 34, 34, 34, 34, 34, 34, 34, 34, 34, 34, 34, 34, 34, 34, 34, 34, 34, 34, 34, 33, 34, 34, 34, 34, 34, 34, 34, 34, 34, 34, 34, 34, 34, 34, 34, 34, 34, 34, 34, 34, 34, 34, 34, 34, 34, 34, 34, 34, 34, 34, 34]
Progress(34) at 2020-05-05 18:00:56: 2,442,436,906 states generated (805,845,482 s/min), 342,488,165 distinct states found (110,850,595 ds/min), 23,348,000,000 states left on queue.
Levels: [34, 33, 34, 34, 34, 34, 34, 34, 34, 34, 34, 34, 34, 34, 34, 34, 34, 34, 34, 34, 34, 34, 34, 34, 34, 34, 34, 34, 34, 34, 34, 34, 34, 34, 34, 34, 34, 34, 34, 34, 34, 34, 34, 34, 34, 34, 34, 34, 34, 34, 34, 34, 33, 34, 34, 34, 34, 34, 34, 34, 34, 34, 34, 34, 34, 34, 34, 34, 34, 34, 34, 34, 34, 34, 34, 34, 34, 34, 34, 34, 34, 34, 34, 34, 34, 34, 34, 34, 34, 34, 34, 34, 34, 34, 34, 34, 33, 34, 34, 34, 34, 34, 34, 34, 34, 34, 34, 34, 34, 34, 34, 34, 34, 34, 34, 34, 34, 34, 34, 34, 34, 34, 34, 34, 34, 34, 34, 34]
Levels: [35, 35, 35, 35, 35, 35, 35, 35, 35, 35, 35, 35, 35, 35, 35, 35, 35, 35, 35, 35, 35, 35, 35, 35, 35, 35, 35, 35, 35, 35, 35, 35, 35, 35, 35, 35, 35, 35, 35, 35, 35, 35, 35, 35, 35, 35, 35, 35, 35, 35, 35, 35, 35, 35, 35, 35, 35, 35, 35, 35, 35, 35, 35, 35, 35, 35, 35, 35, 35, 35, 35, 35, 35, 35, 35, 35, 35, 35, 35, 35, 35, 35, 35, 35, 35, 35, 35, 35, 35, 35, 35, 35, 35, 35, 35, 35, 35, 35, 35, 35, 35, 35, 35, 35, 35, 35, 35, 35, 35, 35, 35, 35, 35, 35, 35, 35, 35, 35, 35, 35, 35, 35, 35, 35, 35, 35, 35, 35]
Levels: [35, 35, 35, 35, 35, 35, 35, 35, 35, 35, 35, 35, 35, 35, 35, 35, 35, 35, 35, 35, 35, 35, 35, 35, 35, 35, 35, 35, 35, 35, 35, 35, 35, 35, 35, 35, 35, 35, 35, 35, 35, 35, 35, 35, 35, 35, 35, 35, 35, 35, 35, 35, 35, 35, 35, 35, 35, 35, 35, 35, 35, 35, 35, 35, 35, 35, 35, 35, 35, 35, 35, 35, 35, 35, 35, 35, 35, 35, 35, 35, 35, 35, 35, 35, 35, 35, 35, 35, 35, 35, 35, 35, 35, 35, 35, 35, 35, 35, 35, 35, 35, 35, 35, 35, 35, 35, 35, 35, 35, 35, 35, 35, 35, 35, 35, 35, 35, 35, 35, 35, 35, 35, 35, 35, 35, 35, 35, 35]
Progress(35) at 2020-05-05 18:01:56: 3,244,578,269 states generated (802,141,363 s/min), 454,346,775 distinct states found (111,858,610 ds/min), 29,158,000,000 states left on queue.
Levels: [35, 35, 35, 35, 35, 35, 35, 35, 35, 35, 35, 35, 35, 35, 35, 35, 35, 35, 35, 35, 35, 35, 35, 35, 35, 35, 35, 35, 35, 35, 35, 35, 35, 35, 35, 35, 35, 35, 35, 35, 35, 35, 35, 35, 35, 35, 35, 35, 35, 35, 35, 35, 35, 35, 35, 35, 35, 35, 35, 35, 35, 35, 35, 35, 35, 35, 35, 35, 35, 35, 35, 35, 35, 35, 35, 35, 35, 35, 35, 35, 35, 35, 35, 35, 35, 35, 35, 35, 35, 35, 35, 35, 35, 35, 35, 35, 35, 35, 35, 35, 35, 35, 35, 35, 35, 35, 35, 35, 35, 35, 35, 35, 35, 35, 35, 35, 35, 35, 35, 35, 35, 35, 35, 35, 35, 35, 35, 35]
Model checking completed. No error has been found.
  Estimates of the probability that TLC did not check all reachable states
  because two distinct states had the same fingerprint:
  calculated (optimistic):  val = .10
3950407449 states generated, 554002941 distinct states found, 135384000000 states left on queue.
Levels: [36, 36, 36, 36, 36, 36, 36, 36, 36, 36, 36, 36, 36, 36, 36, 36, 36, 36, 36, 36, 36, 36, 36, 36, 36, 36, 36, 36, 36, 36, 36, 36, 36, 36, 36, 36, 36, 36, 36, 36, 36, 36, 36, 36, 36, 36, 36, 36, 36, 36, 36, 36, 36, 36, 36, 36, 36, 36, 36, 36, 36, 35, 36, 36, 36, 36, 36, 36, 36, 36, 36, 36, 36, 36, 36, 36, 36, 36, 36, 36, 36, 36, 36, 36, 36, 36, 36, 36, 36, 36, 36, 36, 36, 36, 36, 36, 36, 36, 36, 36, 36, 36, 36, 36, 36, 36, 36, 36, 36, 36, 36, 36, 36, 36, 36, 36, 36, 36, 36, 36, 36, 36, 36, 36, 36, 36, 36, 36]
The depth of the complete state graph search is 36.
The average outdegree of the complete state graph is 1 (minimum is 0, the maximum 31 and the 95th percentile is 5).
Finished in 305191ms at (2020-05-05 18:02:55)
