Started recording 1. No limit specified, using maxsize=250MB as default.

Use jcmd 37568 JFR.dump name=1 to copy recording data to file.
TLC2 Version 2.15 of Day Month 20?? (rev: 89d72ba)
Running breadth-first search Model-Checking with fp 52 and seed 1602178519812994900 with 80 workers on 128 cores with 27305MB heap and 65536MB offheap memory [pid: 37568] (Linux 5.3.0-1020-azure amd64, Azul Systems, Inc. 14.0.1 x86_64, OffHeapDiskFPSet, DiskStateQueue).
Parsing file /mnt/markus/tlc-scalability/2020-05-05_m128/MC.tla
Parsing file /mnt/markus/tlc-scalability/2020-05-05_m128/Bakery.tla
Parsing file /tmp/TLC.tla
Parsing file /tmp/Naturals.tla
Parsing file /tmp/Sequences.tla
Parsing file /tmp/FiniteSets.tla
Semantic processing of module Naturals
Semantic processing of module Sequences
Semantic processing of module FiniteSets
Semantic processing of module TLC
Semantic processing of module Bakery
Semantic processing of module MC
Starting... (2020-05-05 19:14:11)
Loaded PageQueue (MemLimit=512, PageSize=4096)

Computing initial states...
Finished computing initial states: 1 distinct state generated at 2020-05-05 19:14:13.
Levels: [19, 19, 19, 18, 19, 18, 19, 17, 17, 18, 18, 20, 19, 20, 19, 18, 20, 19, 20, 20, 20, 18, 18, 17, 18, 19, 19, 18, 18, 18, 17, 20, 18, 19, 18, 18, 19, 19, 19, 20, 18, 18, 20, 19, 19, 18, 20, 21, 20, 20, 19, 20, 21, 19, 19, 20, 18, 19, 19, 19, 19, 17, 19, 18, 19, 19, 20, 19, 17, 18, 21, 18, 19, 20, 17, 19, 18, 19, 20, 20]
Levels: [19, 19, 19, 18, 19, 18, 19, 17, 17, 18, 18, 20, 19, 20, 19, 18, 20, 19, 20, 20, 20, 18, 18, 17, 18, 19, 19, 18, 18, 18, 17, 20, 18, 19, 18, 18, 19, 19, 19, 20, 18, 18, 20, 19, 19, 19, 20, 21, 20, 20, 19, 20, 21, 19, 19, 20, 18, 19, 19, 19, 19, 17, 19, 18, 19, 19, 20, 19, 17, 18, 21, 18, 19, 20, 17, 19, 18, 19, 20, 20]
Progress(21) at 2020-05-05 19:14:17: 3,930,445 states generated (3,930,445 s/min), 913,433 distinct states found (913,433 ds/min), 1,210,000 states left on queue.
Levels: [19, 19, 19, 18, 19, 18, 19, 17, 17, 18, 18, 20, 19, 20, 19, 18, 20, 19, 20, 20, 20, 18, 18, 17, 18, 19, 19, 18, 18, 18, 17, 20, 18, 19, 18, 18, 19, 19, 19, 20, 18, 18, 20, 19, 19, 19, 20, 21, 20, 20, 19, 20, 21, 19, 19, 20, 18, 19, 19, 19, 19, 17, 19, 18, 19, 19, 20, 19, 17, 18, 21, 18, 19, 20, 17, 19, 18, 19, 20, 20]
Levels: [29, 29, 29, 29, 29, 29, 29, 29, 29, 29, 29, 29, 29, 29, 29, 29, 30, 29, 29, 29, 29, 29, 29, 29, 29, 29, 29, 29, 29, 29, 29, 29, 29, 29, 29, 29, 29, 29, 29, 30, 29, 29, 29, 29, 29, 29, 29, 29, 29, 29, 29, 30, 29, 30, 29, 29, 29, 29, 29, 29, 29, 29, 29, 29, 29, 30, 29, 29, 29, 30, 29, 29, 29, 29, 29, 29, 29, 29, 29, 29]
Levels: [29, 29, 29, 29, 29, 29, 29, 29, 29, 29, 29, 29, 29, 29, 29, 29, 30, 29, 29, 29, 29, 29, 29, 29, 29, 29, 29, 29, 29, 29, 29, 29, 29, 29, 29, 29, 29, 29, 29, 30, 29, 29, 29, 29, 29, 29, 29, 29, 29, 29, 29, 30, 29, 30, 29, 29, 29, 29, 29, 29, 29, 29, 29, 29, 29, 30, 29, 29, 29, 30, 29, 29, 29, 29, 29, 29, 29, 29, 29, 29]
Progress(30) at 2020-05-05 19:15:17: 676,410,094 states generated (672,479,649 s/min), 103,267,492 distinct states found (102,354,059 ds/min), 8,952,000,000 states left on queue.
Levels: [29, 29, 29, 29, 29, 29, 29, 29, 29, 29, 29, 29, 29, 29, 29, 29, 30, 29, 29, 29, 29, 29, 29, 29, 29, 29, 29, 29, 29, 29, 29, 29, 29, 29, 29, 29, 29, 29, 29, 30, 29, 29, 29, 29, 29, 29, 29, 29, 29, 29, 29, 30, 29, 30, 29, 29, 29, 29, 29, 29, 29, 29, 29, 29, 29, 30, 29, 29, 29, 30, 29, 29, 29, 29, 29, 29, 29, 29, 29, 29]
Levels: [31, 31, 31, 31, 31, 31, 31, 31, 31, 31, 31, 31, 31, 31, 31, 31, 31, 31, 31, 31, 31, 31, 31, 31, 31, 31, 31, 31, 31, 31, 31, 31, 31, 31, 31, 31, 31, 31, 31, 31, 31, 31, 31, 31, 31, 31, 31, 31, 31, 31, 31, 31, 31, 31, 31, 31, 31, 31, 31, 31, 31, 31, 31, 31, 31, 31, 31, 31, 31, 31, 31, 31, 31, 31, 31, 31, 31, 31, 31, 31]
Levels: [31, 31, 31, 31, 31, 31, 31, 31, 31, 31, 31, 31, 31, 31, 31, 31, 31, 31, 31, 31, 31, 31, 31, 31, 31, 31, 31, 31, 31, 31, 31, 31, 31, 31, 31, 31, 31, 31, 31, 31, 31, 31, 31, 31, 31, 31, 31, 31, 31, 31, 31, 31, 31, 31, 31, 31, 31, 31, 31, 31, 31, 31, 31, 31, 31, 31, 31, 31, 31, 31, 31, 31, 31, 31, 31, 31, 31, 31, 31, 31]
Progress(31) at 2020-05-05 19:16:17: 1,384,218,532 states generated (707,808,438 s/min), 199,346,785 distinct states found (96,079,293 ds/min), 15,185,000,000 states left on queue.
Levels: [31, 31, 31, 31, 31, 31, 31, 31, 31, 31, 31, 31, 31, 31, 31, 31, 31, 31, 31, 31, 31, 31, 31, 31, 31, 31, 31, 31, 31, 31, 31, 31, 31, 31, 31, 31, 31, 31, 31, 31, 31, 31, 31, 31, 31, 31, 31, 31, 31, 31, 31, 31, 31, 31, 31, 31, 31, 31, 31, 31, 31, 31, 31, 31, 31, 31, 31, 31, 31, 31, 31, 31, 31, 31, 31, 31, 31, 31, 31, 31]
Levels: [32, 32, 32, 32, 32, 32, 32, 32, 32, 32, 32, 32, 32, 32, 32, 32, 32, 32, 32, 32, 32, 32, 32, 32, 32, 32, 32, 32, 32, 32, 32, 32, 32, 32, 32, 32, 32, 32, 32, 32, 32, 32, 32, 32, 32, 32, 32, 32, 32, 32, 32, 32, 32, 32, 32, 32, 32, 32, 32, 32, 32, 32, 32, 32, 32, 32, 32, 32, 32, 32, 32, 32, 32, 32, 32, 32, 32, 32, 32, 32]
Levels: [32, 32, 32, 32, 32, 32, 32, 32, 32, 32, 32, 32, 32, 32, 32, 32, 32, 32, 32, 32, 32, 32, 32, 32, 32, 32, 32, 32, 32, 32, 32, 32, 32, 32, 32, 32, 32, 32, 32, 32, 32, 32, 32, 32, 32, 32, 32, 32, 32, 32, 32, 32, 32, 32, 32, 32, 32, 32, 32, 32, 32, 32, 32, 32, 32, 32, 32, 32, 32, 32, 32, 32, 32, 32, 32, 32, 32, 32, 32, 32]
Progress(32) at 2020-05-05 19:17:17: 2,073,429,393 states generated (689,210,861 s/min), 293,869,826 distinct states found (94,523,041 ds/min), 20,551,000,000 states left on queue.
Levels: [32, 32, 32, 32, 32, 32, 32, 32, 32, 32, 32, 32, 32, 32, 32, 32, 32, 32, 32, 32, 32, 32, 32, 32, 32, 32, 32, 32, 32, 32, 32, 32, 32, 32, 32, 32, 32, 32, 32, 32, 32, 32, 32, 32, 32, 32, 32, 32, 32, 32, 32, 32, 32, 32, 32, 32, 32, 32, 32, 32, 32, 32, 32, 32, 32, 32, 32, 32, 32, 32, 32, 32, 32, 32, 32, 32, 32, 32, 32, 32]
Levels: [33, 33, 33, 33, 33, 33, 33, 33, 33, 33, 33, 33, 33, 33, 33, 33, 33, 33, 33, 33, 33, 33, 33, 33, 33, 33, 33, 33, 33, 33, 33, 33, 33, 33, 33, 33, 33, 33, 33, 33, 33, 33, 33, 33, 33, 33, 33, 33, 33, 33, 33, 33, 33, 33, 33, 33, 33, 33, 33, 33, 33, 33, 33, 33, 33, 33, 33, 33, 33, 33, 33, 33, 33, 33, 33, 33, 33, 33, 33, 33]
Levels: [33, 33, 33, 33, 33, 33, 33, 33, 33, 33, 33, 33, 33, 33, 33, 33, 33, 33, 33, 33, 33, 33, 33, 33, 33, 33, 33, 33, 33, 33, 33, 33, 33, 33, 33, 33, 33, 33, 33, 33, 33, 33, 33, 33, 33, 33, 33, 33, 33, 33, 33, 33, 33, 33, 33, 33, 33, 33, 33, 33, 33, 33, 33, 33, 33, 33, 33, 33, 33, 33, 33, 33, 33, 33, 33, 33, 33, 33, 33, 33]
Progress(33) at 2020-05-05 19:18:17: 2,764,161,917 states generated (690,732,524 s/min), 390,008,261 distinct states found (96,138,435 ds/min), 25,846,000,000 states left on queue.
Levels: [33, 33, 33, 33, 33, 33, 33, 33, 33, 33, 33, 33, 33, 33, 33, 33, 33, 33, 33, 33, 33, 33, 33, 33, 33, 33, 33, 33, 33, 33, 33, 33, 33, 33, 33, 33, 33, 33, 33, 33, 33, 33, 33, 33, 33, 33, 33, 33, 33, 33, 33, 33, 33, 33, 33, 33, 33, 33, 33, 33, 33, 33, 33, 33, 33, 33, 33, 33, 33, 33, 33, 33, 33, 33, 33, 33, 33, 33, 33, 33]
Model checking completed. No error has been found.
  Estimates of the probability that TLC did not check all reachable states
  because two distinct states had the same fingerprint:
  calculated (optimistic):  val = .075
3394908890 states generated, 477209069 distinct states found, 116586000000 states left on queue.
Levels: [34, 34, 34, 34, 34, 34, 34, 34, 34, 34, 34, 34, 34, 34, 34, 34, 34, 34, 34, 34, 34, 34, 34, 34, 34, 34, 34, 34, 34, 34, 34, 34, 34, 34, 34, 34, 34, 34, 34, 34, 34, 34, 34, 34, 34, 34, 34, 34, 34, 34, 34, 34, 34, 34, 34, 34, 34, 34, 34, 34, 34, 34, 34, 34, 34, 34, 34, 34, 34, 34, 34, 34, 34, 34, 34, 34, 34, 34, 34, 34]
The depth of the complete state graph search is 34.
The average outdegree of the complete state graph is 1 (minimum is 0, the maximum 31 and the 95th percentile is 5).
Finished in 304504ms at (2020-05-05 19:19:15)
