Started recording 1. No limit specified, using maxsize=250MB as default.

Use jcmd 42385 JFR.dump name=1 to copy recording data to file.
TLC2 Version 2.15 of Day Month 20?? (rev: 89d72ba)
Running breadth-first search Model-Checking with fp 108 and seed -8989920122195197240 with 120 workers on 128 cores with 27305MB heap and 65536MB offheap memory [pid: 42385] (Linux 5.3.0-1020-azure amd64, Azul Systems, Inc. 14.0.1 x86_64, OffHeapDiskFPSet, DiskStateQueue).
Parsing file /mnt/markus/tlc-scalability/2020-05-05_m128/MC.tla
Parsing file /mnt/markus/tlc-scalability/2020-05-05_m128/Bakery.tla
Parsing file /tmp/TLC.tla
Parsing file /tmp/Naturals.tla
Parsing file /tmp/Sequences.tla
Parsing file /tmp/FiniteSets.tla
Semantic processing of module Naturals
Semantic processing of module Sequences
Semantic processing of module FiniteSets
Semantic processing of module TLC
Semantic processing of module Bakery
Semantic processing of module MC
Starting... (2020-05-05 20:02:25)
Loaded PageQueue (MemLimit=512, PageSize=8192)

Computing initial states...
Finished computing initial states: 1 distinct state generated at 2020-05-05 20:02:28.
Levels: [15, 3, 4, 5, 6, 7, 8, 9, 10, 11, 12, 13, 14, 14, 15, 15, 16, 15, 16, 16, 17, 16, 16, 0, 17, 16, 0, 17, 0, 0, 18, 0, 0, 16, 0, 0, 0, 0, 0, 0, 0, 0, 0, 0, 0, 0, 0, 0, 0, 0, 0, 0, 0, 0, 0, 0, 0, 0, 0, 0, 0, 0, 0, 0, 0, 0, 0, 0, 0, 0, 0, 0, 0, 0, 0, 0, 0, 0, 0, 0, 0, 0, 0, 0, 0, 0, 0, 0, 0, 0, 0, 0, 0, 0, 0, 0, 0, 0, 0, 0, 0, 0, 0, 0, 0, 0, 0, 0, 0, 0, 0, 0, 0, 0, 0, 0, 0, 0, 0, 0]
Levels: [15, 3, 4, 5, 6, 7, 8, 9, 10, 11, 12, 13, 14, 14, 15, 15, 16, 15, 16, 16, 17, 16, 16, 0, 17, 16, 0, 17, 0, 0, 18, 0, 0, 16, 0, 0, 0, 0, 0, 0, 0, 0, 0, 0, 0, 0, 0, 0, 0, 0, 0, 0, 0, 0, 0, 0, 0, 0, 0, 0, 0, 0, 0, 0, 0, 0, 0, 0, 0, 0, 0, 0, 0, 0, 0, 0, 0, 0, 0, 0, 0, 0, 0, 0, 0, 0, 0, 0, 0, 0, 0, 0, 0, 0, 0, 0, 0, 0, 0, 0, 0, 0, 0, 0, 0, 0, 0, 0, 0, 0, 0, 0, 0, 0, 0, 0, 0, 0, 0, 0]
Progress(18) at 2020-05-05 20:02:31: 660,969 states generated (660,969 s/min), 162,857 distinct states found (162,857 ds/min), 0 states left on queue.
Levels: [15, 3, 4, 5, 6, 7, 8, 9, 10, 11, 12, 13, 14, 14, 15, 15, 16, 15, 16, 16, 17, 16, 16, 0, 17, 16, 0, 17, 0, 0, 18, 0, 0, 16, 0, 0, 0, 0, 0, 0, 0, 0, 0, 0, 0, 0, 0, 0, 0, 0, 0, 0, 0, 0, 0, 0, 0, 0, 0, 0, 0, 0, 0, 0, 0, 0, 0, 0, 0, 0, 0, 0, 0, 0, 0, 0, 0, 0, 0, 0, 0, 0, 0, 0, 0, 0, 0, 0, 0, 0, 0, 0, 0, 0, 0, 0, 0, 0, 0, 0, 0, 0, 0, 0, 0, 0, 0, 0, 0, 0, 0, 0, 0, 0, 0, 0, 0, 0, 0, 0]
Levels: [29, 29, 30, 30, 30, 30, 29, 30, 30, 29, 30, 29, 30, 29, 29, 29, 30, 29, 29, 29, 29, 30, 30, 29, 30, 29, 29, 29, 30, 29, 29, 29, 29, 30, 30, 29, 30, 29, 29, 30, 29, 29, 30, 30, 29, 29, 30, 29, 29, 30, 29, 29, 29, 30, 30, 29, 30, 30, 30, 30, 29, 29, 29, 29, 29, 29, 30, 30, 29, 29, 29, 30, 29, 30, 29, 29, 30, 30, 29, 29, 30, 30, 29, 29, 30, 30, 29, 29, 29, 29, 30, 30, 29, 29, 29, 29, 30, 29, 30, 29, 29, 28, 29, 29, 29, 30, 30, 30, 29, 29, 30, 29, 30, 30, 29, 29, 30, 30, 29, 29]
Levels: [29, 29, 30, 30, 30, 30, 29, 30, 30, 29, 30, 29, 30, 29, 29, 29, 30, 29, 29, 29, 29, 30, 30, 29, 30, 29, 29, 29, 30, 29, 29, 29, 29, 30, 30, 29, 30, 29, 29, 30, 29, 29, 30, 30, 29, 29, 30, 29, 29, 30, 29, 29, 29, 30, 30, 29, 30, 30, 30, 30, 29, 29, 29, 29, 29, 29, 30, 30, 29, 29, 29, 30, 29, 30, 29, 29, 30, 30, 29, 29, 30, 30, 29, 29, 30, 30, 29, 29, 29, 29, 30, 30, 29, 29, 29, 29, 30, 29, 30, 29, 29, 28, 29, 29, 29, 30, 30, 30, 29, 29, 30, 29, 30, 30, 29, 29, 30, 30, 29, 29]
Progress(30) at 2020-05-05 20:03:31: 665,520,132 states generated (664,859,163 s/min), 102,190,184 distinct states found (102,027,327 ds/min), 4,482,000,000 states left on queue.
Levels: [29, 29, 30, 30, 30, 30, 29, 30, 30, 29, 30, 29, 30, 29, 29, 29, 30, 29, 29, 29, 29, 30, 30, 29, 30, 29, 29, 29, 30, 29, 29, 29, 29, 30, 30, 29, 30, 29, 29, 30, 29, 29, 30, 30, 29, 29, 30, 29, 29, 30, 29, 29, 29, 30, 30, 29, 30, 30, 30, 30, 29, 29, 29, 29, 29, 29, 30, 30, 29, 29, 29, 30, 29, 30, 29, 29, 30, 30, 29, 29, 30, 30, 29, 29, 30, 30, 29, 29, 29, 29, 30, 30, 29, 29, 29, 29, 30, 29, 30, 29, 29, 28, 29, 29, 29, 30, 30, 30, 29, 29, 30, 29, 30, 30, 29, 29, 30, 30, 29, 29]
Levels: [31, 31, 31, 31, 31, 31, 31, 31, 31, 31, 31, 31, 31, 31, 31, 31, 31, 31, 31, 31, 31, 31, 31, 31, 31, 31, 31, 31, 31, 31, 31, 31, 31, 31, 31, 31, 31, 31, 31, 31, 31, 31, 31, 31, 31, 31, 31, 31, 31, 31, 31, 31, 31, 31, 31, 31, 31, 31, 31, 31, 31, 31, 31, 31, 31, 31, 31, 31, 31, 31, 31, 31, 31, 31, 31, 31, 31, 31, 31, 31, 31, 31, 31, 31, 31, 31, 31, 31, 31, 31, 31, 31, 31, 31, 31, 31, 31, 31, 31, 31, 31, 31, 31, 31, 31, 31, 31, 31, 31, 31, 31, 31, 31, 31, 31, 31, 31, 31, 31, 31]
Levels: [31, 31, 31, 31, 31, 31, 31, 31, 31, 31, 31, 31, 31, 31, 31, 31, 31, 31, 31, 31, 31, 31, 31, 31, 31, 31, 31, 31, 31, 31, 31, 31, 31, 31, 31, 31, 31, 31, 31, 31, 31, 31, 31, 31, 31, 31, 31, 31, 31, 31, 31, 31, 31, 31, 31, 31, 31, 31, 31, 31, 31, 31, 31, 31, 31, 31, 31, 31, 31, 31, 31, 31, 31, 31, 31, 31, 31, 31, 31, 31, 31, 31, 31, 31, 31, 31, 31, 31, 31, 31, 31, 31, 31, 31, 31, 31, 31, 31, 31, 31, 31, 31, 31, 31, 31, 31, 31, 31, 31, 31, 31, 31, 31, 31, 31, 31, 31, 31, 31, 31]
Progress(31) at 2020-05-05 20:04:31: 1,373,336,383 states generated (707,816,251 s/min), 197,468,432 distinct states found (95,278,248 ds/min), 7,541,000,000 states left on queue.
Levels: [31, 31, 31, 31, 31, 31, 31, 31, 31, 31, 31, 31, 31, 31, 31, 31, 31, 31, 31, 31, 31, 31, 31, 31, 31, 31, 31, 31, 31, 31, 31, 31, 31, 31, 31, 31, 31, 31, 31, 31, 31, 31, 31, 31, 31, 31, 31, 31, 31, 31, 31, 31, 31, 31, 31, 31, 31, 31, 31, 31, 31, 31, 31, 31, 31, 31, 31, 31, 31, 31, 31, 31, 31, 31, 31, 31, 31, 31, 31, 31, 31, 31, 31, 31, 31, 31, 31, 31, 31, 31, 31, 31, 31, 31, 31, 31, 31, 31, 31, 31, 31, 31, 31, 31, 31, 31, 31, 31, 31, 31, 31, 31, 31, 31, 31, 31, 31, 31, 31, 31]
Levels: [33, 32, 33, 32, 33, 32, 32, 33, 32, 33, 32, 33, 33, 32, 33, 33, 33, 33, 33, 33, 33, 33, 32, 33, 33, 32, 33, 32, 32, 33, 33, 32, 33, 32, 32, 32, 32, 33, 32, 32, 33, 33, 33, 32, 32, 33, 33, 33, 33, 32, 32, 33, 32, 33, 33, 33, 32, 33, 33, 33, 33, 32, 32, 32, 33, 33, 33, 33, 32, 33, 32, 32, 33, 33, 32, 33, 33, 32, 33, 33, 33, 33, 33, 32, 33, 33, 33, 33, 33, 32, 33, 33, 33, 32, 33, 33, 33, 32, 33, 33, 32, 33, 33, 32, 33, 33, 32, 33, 32, 33, 33, 33, 32, 33, 32, 32, 33, 33, 33, 33]
Levels: [33, 32, 33, 32, 33, 32, 32, 33, 32, 33, 32, 33, 33, 32, 33, 33, 33, 33, 33, 33, 33, 33, 32, 33, 33, 32, 33, 32, 32, 33, 33, 32, 33, 32, 32, 32, 32, 33, 32, 32, 33, 33, 33, 32, 32, 33, 33, 33, 33, 32, 32, 33, 32, 33, 33, 33, 32, 33, 33, 33, 33, 32, 32, 32, 33, 33, 33, 33, 32, 33, 32, 32, 33, 33, 32, 33, 33, 32, 33, 33, 33, 33, 33, 32, 33, 33, 33, 33, 33, 32, 33, 33, 33, 32, 33, 33, 33, 32, 33, 33, 32, 33, 33, 32, 33, 33, 32, 33, 32, 33, 33, 33, 32, 33, 32, 32, 33, 33, 33, 33]
Progress(33) at 2020-05-05 20:05:31: 2,068,555,652 states generated (695,219,269 s/min), 292,753,126 distinct states found (95,284,694 ds/min), 10,308,000,000 states left on queue.
Levels: [33, 32, 33, 32, 33, 32, 32, 33, 32, 33, 32, 33, 33, 32, 33, 33, 33, 33, 33, 33, 33, 33, 32, 33, 33, 32, 33, 32, 32, 33, 33, 32, 33, 32, 32, 32, 32, 33, 32, 32, 33, 33, 33, 32, 32, 33, 33, 33, 33, 32, 32, 33, 32, 33, 33, 33, 32, 33, 33, 33, 33, 32, 32, 32, 33, 33, 33, 33, 32, 33, 32, 32, 33, 33, 32, 33, 33, 32, 33, 33, 33, 33, 33, 32, 33, 33, 33, 33, 33, 32, 33, 33, 33, 32, 33, 33, 33, 32, 33, 33, 32, 33, 33, 32, 33, 33, 32, 33, 32, 33, 33, 33, 32, 33, 32, 32, 33, 33, 33, 33]
Levels: [33, 33, 33, 33, 33, 33, 33, 33, 33, 34, 33, 33, 34, 33, 33, 33, 34, 33, 34, 33, 33, 33, 33, 33, 34, 33, 33, 34, 33, 33, 33, 33, 33, 34, 33, 34, 33, 33, 33, 33, 33, 33, 33, 34, 33, 33, 33, 33, 33, 33, 33, 33, 34, 33, 33, 33, 33, 33, 33, 33, 33, 33, 33, 33, 33, 33, 34, 34, 33, 33, 33, 33, 33, 33, 33, 34, 33, 33, 34, 33, 33, 33, 34, 33, 34, 33, 33, 33, 33, 34, 33, 33, 33, 33, 33, 33, 33, 33, 33, 33, 33, 33, 33, 33, 33, 33, 34, 33, 33, 33, 33, 33, 33, 34, 33, 34, 33, 34, 33, 34]
Levels: [33, 33, 33, 33, 33, 33, 33, 33, 33, 34, 33, 33, 34, 33, 33, 33, 34, 33, 34, 33, 33, 33, 33, 33, 34, 33, 33, 34, 33, 33, 33, 33, 33, 34, 33, 34, 33, 33, 33, 33, 33, 33, 33, 34, 33, 33, 33, 33, 33, 33, 33, 33, 34, 33, 33, 33, 33, 33, 33, 33, 33, 33, 33, 33, 33, 33, 34, 34, 33, 33, 33, 33, 33, 33, 33, 34, 33, 33, 34, 33, 33, 33, 34, 33, 34, 33, 33, 33, 33, 34, 33, 33, 33, 33, 33, 33, 33, 33, 33, 33, 33, 33, 33, 33, 33, 33, 34, 33, 33, 33, 33, 33, 33, 34, 33, 34, 33, 34, 33, 34]
Progress(34) at 2020-05-05 20:06:31: 2,771,765,115 states generated (703,209,463 s/min), 389,563,694 distinct states found (96,810,568 ds/min), 12,978,000,000 states left on queue.
Levels: [33, 33, 33, 33, 33, 33, 33, 33, 33, 34, 33, 33, 34, 33, 33, 33, 34, 33, 34, 33, 33, 33, 33, 33, 34, 33, 33, 34, 33, 33, 33, 33, 33, 34, 33, 34, 33, 33, 33, 33, 33, 33, 33, 34, 33, 33, 33, 33, 33, 33, 33, 33, 34, 33, 33, 33, 33, 33, 33, 33, 33, 33, 33, 33, 33, 33, 34, 34, 33, 33, 33, 33, 33, 33, 33, 34, 33, 33, 34, 33, 33, 33, 34, 33, 34, 33, 33, 33, 33, 34, 33, 33, 33, 33, 33, 33, 33, 33, 33, 33, 33, 33, 33, 33, 33, 33, 34, 33, 33, 33, 33, 33, 33, 34, 33, 34, 33, 34, 33, 34]
Model checking completed. No error has been found.
  Estimates of the probability that TLC did not check all reachable states
  because two distinct states had the same fingerprint:
  calculated (optimistic):  val = .075
3381213174 states generated, 475187205 distinct states found, 58125000000 states left on queue.
Levels: [34, 33, 34, 34, 34, 34, 34, 34, 34, 34, 34, 34, 34, 34, 34, 34, 34, 34, 34, 34, 34, 34, 34, 34, 34, 34, 34, 34, 34, 34, 34, 34, 34, 34, 34, 34, 34, 34, 34, 34, 34, 34, 34, 34, 34, 34, 34, 34, 34, 34, 34, 34, 34, 34, 34, 34, 34, 34, 34, 34, 34, 34, 34, 34, 34, 34, 34, 34, 34, 34, 34, 34, 34, 34, 34, 34, 34, 34, 34, 34, 34, 34, 34, 34, 34, 34, 34, 34, 34, 34, 34, 34, 34, 34, 34, 34, 34, 34, 34, 34, 34, 34, 34, 34, 34, 34, 34, 34, 34, 34, 34, 34, 34, 34, 34, 34, 34, 34, 34, 34]
The depth of the complete state graph search is 34.
The average outdegree of the complete state graph is 1 (minimum is 0, the maximum 31 and the 95th percentile is 5).
Finished in 304485ms at (2020-05-05 20:07:30)
