Started recording 1. No limit specified, using maxsize=250MB as default.

Use jcmd 54657 JFR.dump name=1 to copy recording data to file.
TLC2 Version 2.15 of Day Month 20?? (rev: 89d72ba)
Running breadth-first search Model-Checking with fp 33 and seed -2112468084821263150 with 112 workers on 128 cores with 27305MB heap and 65536MB offheap memory [pid: 54657] (Linux 5.3.0-1020-azure amd64, Azul Systems, Inc. 14.0.1 x86_64, OffHeapDiskFPSet, DiskStateQueue).
Parsing file /mnt/markus/tlc-scalability/2020-05-05_m128/MC.tla
Parsing file /mnt/markus/tlc-scalability/2020-05-05_m128/Bakery.tla
Parsing file /tmp/TLC.tla
Parsing file /tmp/Naturals.tla
Parsing file /tmp/Sequences.tla
Parsing file /tmp/FiniteSets.tla
Semantic processing of module Naturals
Semantic processing of module Sequences
Semantic processing of module FiniteSets
Semantic processing of module TLC
Semantic processing of module Bakery
Semantic processing of module MC
Starting... (2020-05-05 21:39:05)
Loaded PageQueue (MemLimit=512, PageSize=8192)

Computing initial states...
Finished computing initial states: 1 distinct state generated at 2020-05-05 21:39:08.
Levels: [18, 17, 19, 5, 6, 20, 19, 20, 10, 11, 12, 13, 20, 14, 15, 15, 16, 18, 16, 16, 17, 16, 16, 16, 17, 17, 18, 16, 17, 16, 17, 17, 18, 19, 17, 16, 17, 16, 17, 19, 18, 17, 17, 18, 17, 18, 18, 19, 18, 17, 19, 17, 18, 17, 18, 18, 20, 17, 18, 18, 19, 19, 18, 18, 19, 19, 20, 19, 18, 20, 19, 20, 20, 18, 19, 20, 18, 21, 20, 18, 19, 19, 18, 19, 0, 19, 19, 20, 18, 19, 18, 19, 20, 21, 18, 20, 19, 18, 19, 19, 21, 20, 21, 22, 19, 0, 21, 20, 0, 0, 19, 0]
Levels: [18, 17, 19, 19, 6, 20, 19, 20, 10, 18, 12, 13, 20, 14, 15, 15, 16, 18, 16, 16, 17, 16, 16, 16, 17, 17, 18, 16, 17, 16, 17, 17, 18, 19, 17, 16, 17, 16, 17, 19, 18, 17, 17, 18, 17, 18, 18, 19, 18, 17, 19, 17, 18, 17, 18, 18, 20, 17, 18, 18, 19, 19, 18, 18, 19, 19, 20, 19, 18, 20, 19, 20, 20, 18, 19, 20, 18, 21, 20, 18, 19, 19, 18, 19, 0, 19, 19, 20, 18, 19, 18, 19, 20, 21, 18, 20, 19, 18, 19, 19, 21, 20, 21, 22, 19, 0, 21, 20, 0, 20, 19, 0]
Progress(22) at 2020-05-05 21:39:11: 3,923,781 states generated (3,923,781 s/min), 927,870 distinct states found (927,870 ds/min), 100,000 states left on queue.
Levels: [18, 17, 19, 19, 19, 20, 19, 20, 10, 18, 12, 13, 20, 14, 15, 15, 16, 18, 16, 16, 17, 16, 16, 16, 17, 17, 18, 16, 17, 16, 17, 17, 18, 19, 17, 16, 17, 16, 17, 19, 18, 17, 17, 18, 17, 18, 18, 19, 18, 17, 19, 17, 18, 17, 18, 18, 20, 17, 18, 18, 19, 19, 18, 18, 19, 19, 20, 19, 18, 20, 19, 20, 20, 18, 19, 20, 18, 21, 20, 18, 19, 19, 18, 19, 18, 19, 19, 20, 18, 19, 18, 19, 20, 21, 18, 20, 19, 18, 19, 19, 21, 20, 21, 22, 19, 0, 21, 20, 0, 20, 19, 0]
Levels: [30, 29, 29, 30, 30, 30, 30, 29, 29, 30, 29, 30, 30, 29, 30, 30, 29, 30, 30, 29, 30, 30, 30, 30, 30, 30, 30, 29, 30, 30, 29, 30, 30, 30, 30, 29, 29, 29, 30, 30, 30, 30, 30, 30, 30, 30, 30, 30, 30, 30, 30, 30, 30, 29, 29, 30, 30, 30, 29, 29, 30, 30, 30, 29, 30, 29, 30, 30, 30, 30, 30, 30, 30, 29, 30, 29, 30, 30, 29, 30, 29, 30, 29, 30, 29, 30, 30, 29, 30, 29, 30, 29, 30, 30, 30, 29, 29, 29, 30, 30, 30, 30, 29, 29, 29, 29, 29, 29, 29, 30, 30, 29]
Levels: [30, 29, 29, 30, 30, 30, 30, 29, 29, 30, 29, 30, 30, 29, 30, 30, 29, 30, 30, 29, 30, 30, 30, 30, 30, 30, 30, 29, 30, 30, 29, 30, 30, 30, 30, 29, 29, 29, 30, 30, 30, 30, 30, 30, 30, 30, 30, 30, 30, 30, 30, 30, 30, 29, 29, 30, 30, 30, 29, 29, 30, 30, 30, 29, 30, 29, 30, 30, 30, 30, 30, 30, 30, 29, 30, 29, 30, 30, 29, 30, 29, 30, 29, 30, 29, 30, 30, 29, 30, 29, 30, 29, 30, 30, 30, 29, 29, 29, 30, 30, 30, 30, 29, 29, 29, 29, 29, 29, 29, 30, 30, 29]
Progress(30) at 2020-05-05 21:40:11: 723,332,773 states generated (719,408,992 s/min), 108,053,002 distinct states found (107,125,132 ds/min), 4,722,000,000 states left on queue.
Levels: [30, 29, 29, 30, 30, 30, 30, 29, 29, 30, 29, 30, 30, 29, 30, 30, 29, 30, 30, 29, 30, 30, 30, 30, 30, 30, 30, 29, 30, 30, 29, 30, 30, 30, 30, 29, 29, 29, 30, 30, 30, 30, 30, 30, 30, 30, 30, 30, 30, 30, 30, 30, 30, 29, 29, 30, 30, 30, 29, 29, 30, 30, 30, 29, 30, 29, 30, 30, 30, 30, 30, 30, 30, 29, 30, 29, 30, 30, 29, 30, 29, 30, 29, 30, 29, 30, 30, 29, 30, 29, 30, 29, 30, 30, 30, 29, 29, 29, 30, 30, 30, 30, 29, 29, 29, 29, 29, 29, 29, 30, 30, 29]
Levels: [31, 31, 31, 31, 32, 32, 31, 32, 31, 32, 31, 31, 32, 31, 31, 32, 32, 32, 32, 32, 32, 32, 32, 31, 31, 31, 32, 31, 31, 32, 32, 32, 31, 32, 32, 32, 32, 32, 32, 32, 31, 31, 31, 31, 31, 32, 31, 32, 31, 32, 31, 32, 31, 31, 32, 32, 31, 32, 32, 31, 32, 31, 32, 32, 32, 32, 31, 32, 32, 32, 32, 32, 31, 32, 31, 31, 32, 31, 32, 32, 31, 32, 31, 31, 32, 31, 32, 32, 31, 32, 32, 32, 32, 32, 32, 32, 32, 32, 31, 32, 31, 32, 32, 32, 31, 32, 32, 31, 32, 31, 32, 32]
Levels: [31, 31, 31, 31, 32, 32, 31, 32, 31, 32, 31, 31, 32, 31, 31, 32, 32, 32, 32, 32, 32, 32, 32, 31, 31, 31, 32, 31, 31, 32, 32, 32, 31, 32, 32, 32, 32, 32, 32, 32, 31, 31, 31, 31, 31, 32, 31, 32, 31, 32, 31, 32, 31, 31, 32, 32, 31, 32, 32, 31, 32, 31, 32, 32, 32, 32, 31, 32, 32, 32, 32, 32, 31, 32, 31, 31, 32, 31, 32, 32, 31, 32, 31, 31, 32, 31, 32, 32, 31, 32, 32, 32, 32, 32, 32, 32, 32, 32, 31, 32, 31, 32, 32, 32, 31, 32, 32, 31, 32, 31, 32, 32]
Progress(32) at 2020-05-05 21:41:11: 1,466,896,496 states generated (743,563,723 s/min), 207,646,173 distinct states found (99,593,171 ds/min), 7,932,000,000 states left on queue.
Levels: [31, 31, 31, 31, 32, 32, 31, 32, 31, 32, 31, 31, 32, 31, 31, 32, 32, 32, 32, 32, 32, 32, 32, 31, 31, 31, 32, 31, 31, 32, 32, 32, 31, 32, 32, 32, 32, 32, 32, 32, 31, 31, 31, 31, 31, 32, 31, 32, 31, 32, 31, 32, 31, 31, 32, 32, 31, 32, 32, 31, 32, 31, 32, 32, 32, 32, 31, 32, 32, 32, 32, 32, 31, 32, 31, 31, 32, 31, 32, 32, 31, 32, 31, 31, 32, 31, 32, 32, 31, 32, 32, 32, 32, 32, 32, 32, 32, 32, 31, 32, 31, 32, 32, 32, 31, 32, 32, 31, 32, 31, 32, 32]
Levels: [33, 32, 33, 33, 33, 33, 33, 32, 33, 33, 32, 33, 33, 33, 33, 33, 33, 33, 32, 33, 32, 33, 33, 33, 33, 33, 33, 33, 32, 32, 33, 33, 32, 33, 33, 33, 33, 33, 33, 33, 33, 33, 33, 33, 32, 33, 33, 33, 33, 33, 33, 33, 33, 33, 33, 33, 33, 33, 33, 33, 33, 33, 33, 33, 33, 33, 32, 33, 32, 33, 32, 32, 33, 33, 33, 33, 32, 33, 33, 32, 33, 33, 33, 32, 33, 32, 33, 32, 33, 33, 33, 33, 33, 33, 33, 33, 33, 32, 33, 33, 32, 32, 33, 33, 33, 33, 33, 33, 33, 33, 32, 33]
Levels: [33, 32, 33, 33, 33, 33, 33, 32, 33, 33, 32, 33, 33, 33, 33, 33, 33, 33, 32, 33, 32, 33, 33, 33, 33, 33, 33, 33, 32, 32, 33, 33, 32, 33, 33, 33, 33, 33, 33, 33, 33, 33, 33, 33, 32, 33, 33, 33, 33, 33, 33, 33, 33, 33, 33, 33, 33, 33, 33, 33, 33, 33, 33, 33, 33, 33, 32, 33, 32, 33, 32, 32, 33, 33, 33, 33, 32, 33, 33, 32, 33, 33, 33, 32, 33, 32, 33, 32, 33, 33, 33, 33, 33, 33, 33, 33, 33, 32, 33, 33, 32, 32, 33, 33, 33, 33, 33, 33, 33, 33, 32, 33]
Progress(33) at 2020-05-05 21:42:11: 2,190,094,613 states generated (723,198,117 s/min), 306,005,428 distinct states found (98,359,255 ds/min), 10,757,000,000 states left on queue.
Levels: [33, 32, 33, 33, 33, 33, 33, 32, 33, 33, 32, 33, 33, 33, 33, 33, 33, 33, 32, 33, 32, 33, 33, 33, 33, 33, 33, 33, 32, 32, 33, 33, 32, 33, 33, 33, 33, 33, 33, 33, 33, 33, 33, 33, 32, 33, 33, 33, 33, 33, 33, 33, 33, 33, 33, 33, 33, 33, 33, 33, 33, 33, 33, 33, 33, 33, 32, 33, 32, 33, 32, 32, 33, 33, 33, 33, 32, 33, 33, 32, 33, 33, 33, 32, 33, 32, 33, 32, 33, 33, 33, 33, 33, 33, 33, 33, 33, 32, 33, 33, 32, 32, 33, 33, 33, 33, 33, 33, 33, 33, 32, 33]
Levels: [34, 33, 34, 34, 34, 34, 34, 34, 34, 34, 34, 34, 34, 34, 34, 34, 33, 34, 34, 34, 34, 34, 34, 34, 34, 34, 33, 34, 34, 34, 34, 33, 34, 33, 34, 34, 34, 34, 34, 34, 34, 34, 34, 34, 34, 34, 34, 34, 34, 34, 34, 34, 34, 34, 33, 34, 34, 34, 34, 33, 34, 34, 34, 34, 34, 33, 34, 34, 34, 33, 34, 33, 33, 34, 34, 34, 33, 33, 34, 34, 33, 34, 34, 34, 34, 34, 34, 34, 34, 34, 34, 34, 34, 33, 34, 34, 34, 34, 33, 34, 33, 34, 33, 34, 34, 34, 34, 34, 33, 34, 34, 34]
Levels: [34, 33, 34, 34, 34, 34, 34, 34, 34, 34, 34, 34, 34, 34, 34, 34, 33, 34, 34, 34, 34, 34, 34, 34, 34, 34, 33, 34, 34, 34, 34, 33, 34, 33, 34, 34, 34, 34, 34, 34, 34, 34, 34, 34, 34, 34, 34, 34, 34, 34, 34, 34, 34, 34, 33, 34, 34, 34, 34, 33, 34, 34, 34, 34, 34, 33, 34, 34, 34, 33, 34, 33, 33, 34, 34, 34, 33, 33, 34, 34, 33, 34, 34, 34, 34, 34, 34, 34, 34, 34, 34, 34, 34, 33, 34, 34, 34, 34, 33, 34, 33, 34, 33, 34, 34, 34, 34, 34, 33, 34, 34, 34]
Progress(34) at 2020-05-05 21:43:11: 2,914,632,780 states generated (724,538,167 s/min), 404,990,163 distinct states found (98,984,735 ds/min), 13,407,000,000 states left on queue.
Levels: [34, 33, 34, 34, 34, 34, 34, 34, 34, 34, 34, 34, 34, 34, 34, 34, 33, 34, 34, 34, 34, 34, 34, 34, 34, 34, 33, 34, 34, 34, 34, 33, 34, 33, 34, 34, 34, 34, 34, 34, 34, 34, 34, 34, 34, 34, 34, 34, 34, 34, 34, 34, 34, 34, 33, 34, 34, 34, 34, 33, 34, 34, 34, 34, 34, 33, 34, 34, 34, 33, 34, 33, 33, 34, 34, 34, 33, 33, 34, 34, 33, 34, 34, 34, 34, 34, 34, 34, 34, 34, 34, 34, 34, 33, 34, 34, 34, 34, 33, 34, 33, 34, 33, 34, 34, 34, 34, 34, 33, 34, 34, 34]
Model checking completed. No error has been found.
  Estimates of the probability that TLC did not check all reachable states
  because two distinct states had the same fingerprint:
  calculated (optimistic):  val = .082
3556672533 states generated, 495577198 distinct states found, 60613000000 states left on queue.
Levels: [34, 34, 34, 34, 34, 34, 34, 35, 35, 34, 34, 35, 35, 34, 35, 35, 34, 34, 34, 34, 34, 35, 34, 34, 35, 35, 34, 35, 34, 35, 35, 34, 34, 34, 35, 35, 34, 35, 34, 34, 34, 34, 34, 35, 34, 34, 34, 35, 34, 34, 34, 35, 35, 34, 34, 35, 34, 34, 34, 34, 35, 34, 34, 35, 35, 35, 35, 34, 34, 34, 35, 34, 35, 34, 34, 35, 35, 35, 35, 34, 34, 34, 34, 35, 35, 35, 34, 34, 34, 34, 35, 35, 35, 35, 34, 35, 34, 34, 34, 35, 34, 34, 35, 35, 34, 34, 35, 34, 34, 35, 35, 34]
The depth of the complete state graph search is 35.
The average outdegree of the complete state graph is 1 (minimum is 0, the maximum 31 and the 95th percentile is 5).
Finished in 304353ms at (2020-05-05 21:44:09)
