Started recording 1. No limit specified, using maxsize=250MB as default.

Use jcmd 30190 JFR.dump name=1 to copy recording data to file.
TLC2 Version 2.15 of Day Month 20?? (rev: 89d72ba)
Running breadth-first search Model-Checking with fp 55 and seed 8776495964780852409 with 112 workers on 128 cores with 27305MB heap and 65536MB offheap memory [pid: 30190] (Linux 5.3.0-1020-azure amd64, Azul Systems, Inc. 14.0.1 x86_64, OffHeapDiskFPSet, DiskStateQueue).
Parsing file /mnt/markus/tlc-scalability/2020-05-05_m128/MC.tla
Parsing file /mnt/markus/tlc-scalability/2020-05-05_m128/Bakery.tla
Parsing file /tmp/TLC.tla
Parsing file /tmp/Naturals.tla
Parsing file /tmp/Sequences.tla
Parsing file /tmp/FiniteSets.tla
Semantic processing of module Naturals
Semantic processing of module Sequences
Semantic processing of module FiniteSets
Semantic processing of module TLC
Semantic processing of module Bakery
Semantic processing of module MC
Starting... (2020-05-05 18:08:06)
Loaded PageQueue (MemLimit=512, PageSize=4096)

Computing initial states...
Finished computing initial states: 1 distinct state generated at 2020-05-05 18:08:08.
Levels: [19, 18, 17, 20, 21, 17, 18, 21, 18, 18, 19, 19, 18, 19, 18, 18, 19, 19, 18, 18, 21, 19, 15, 16, 17, 18, 18, 19, 17, 18, 18, 19, 19, 18, 19, 20, 20, 16, 21, 17, 19, 18, 16, 20, 17, 17, 18, 21, 18, 19, 21, 19, 20, 19, 19, 19, 17, 18, 18, 20, 19, 20, 19, 22, 17, 18, 19, 20, 17, 18, 18, 20, 18, 18, 17, 18, 17, 18, 18, 19, 18, 19, 17, 18, 18, 19, 22, 20, 18, 19, 18, 18, 19, 20, 20, 17, 18, 17, 18, 18, 18, 19, 21, 22, 17, 18, 18, 18, 20, 20, 20, 18]
Levels: [19, 18, 17, 20, 21, 17, 18, 21, 18, 18, 19, 19, 18, 19, 18, 18, 19, 19, 18, 18, 21, 19, 18, 16, 17, 18, 18, 19, 17, 18, 18, 19, 19, 18, 19, 20, 20, 16, 21, 17, 19, 18, 16, 20, 19, 19, 18, 21, 18, 19, 21, 19, 20, 19, 19, 19, 17, 18, 18, 20, 19, 20, 19, 22, 17, 18, 19, 20, 17, 18, 18, 20, 18, 18, 17, 18, 17, 18, 18, 19, 18, 19, 17, 18, 18, 19, 22, 20, 18, 19, 18, 18, 19, 20, 20, 17, 18, 17, 18, 18, 18, 19, 21, 22, 17, 18, 18, 18, 20, 20, 20, 18]
Progress(22) at 2020-05-05 18:08:11: 3,561,828 states generated (3,561,828 s/min), 844,234 distinct states found (844,234 ds/min), 1,060,000 states left on queue.
Levels: [19, 18, 17, 20, 21, 17, 18, 21, 18, 18, 19, 19, 18, 19, 18, 18, 19, 19, 18, 18, 21, 19, 18, 16, 17, 18, 18, 19, 17, 18, 18, 19, 19, 18, 19, 20, 20, 18, 21, 17, 19, 18, 16, 20, 19, 19, 18, 21, 18, 19, 21, 19, 20, 19, 19, 19, 17, 18, 18, 20, 19, 20, 19, 22, 17, 18, 19, 20, 17, 18, 18, 20, 18, 18, 17, 18, 17, 18, 18, 19, 18, 19, 17, 18, 18, 19, 22, 20, 18, 19, 18, 18, 19, 20, 20, 17, 18, 17, 18, 18, 18, 19, 21, 22, 17, 18, 18, 18, 20, 20, 20, 18]
Levels: [30, 30, 30, 30, 30, 30, 30, 30, 30, 31, 30, 30, 30, 30, 30, 30, 30, 30, 30, 30, 30, 30, 30, 30, 30, 30, 30, 30, 30, 30, 30, 31, 30, 30, 30, 30, 30, 30, 30, 31, 30, 30, 31, 30, 30, 30, 30, 30, 30, 31, 30, 30, 30, 30, 30, 30, 30, 30, 30, 30, 30, 31, 30, 30, 30, 30, 30, 31, 30, 30, 30, 30, 30, 30, 31, 30, 30, 30, 30, 30, 30, 30, 30, 30, 31, 30, 30, 30, 30, 30, 30, 30, 30, 30, 30, 30, 30, 30, 30, 30, 30, 30, 30, 30, 31, 30, 30, 30, 30, 30, 30, 30]
Levels: [30, 30, 30, 30, 30, 30, 30, 30, 30, 31, 30, 30, 30, 30, 30, 30, 30, 30, 30, 30, 30, 30, 30, 30, 30, 30, 30, 30, 30, 30, 30, 31, 30, 30, 30, 30, 30, 30, 30, 31, 30, 30, 31, 30, 30, 30, 30, 30, 30, 31, 30, 30, 30, 30, 30, 30, 30, 30, 30, 30, 30, 31, 30, 30, 30, 30, 30, 31, 30, 30, 30, 30, 30, 30, 31, 30, 30, 30, 30, 30, 30, 30, 30, 30, 31, 30, 30, 30, 30, 30, 30, 30, 30, 30, 30, 30, 30, 30, 30, 30, 30, 30, 30, 30, 31, 30, 30, 30, 30, 30, 30, 30]
Progress(31) at 2020-05-05 18:09:11: 748,299,068 states generated (744,737,240 s/min), 111,144,784 distinct states found (110,300,550 ds/min), 9,732,000,000 states left on queue.
Levels: [30, 30, 30, 30, 30, 30, 30, 30, 30, 31, 30, 30, 30, 30, 30, 30, 30, 30, 30, 30, 30, 30, 30, 30, 30, 30, 30, 30, 30, 30, 30, 31, 30, 30, 30, 30, 30, 30, 30, 31, 30, 30, 31, 30, 30, 30, 30, 30, 30, 31, 30, 30, 30, 30, 30, 30, 30, 30, 30, 30, 30, 31, 30, 30, 30, 30, 30, 31, 30, 30, 30, 30, 30, 30, 31, 30, 30, 30, 30, 30, 30, 30, 30, 30, 31, 30, 30, 30, 30, 30, 30, 30, 30, 30, 30, 30, 30, 30, 30, 30, 30, 30, 30, 30, 31, 30, 30, 30, 30, 30, 30, 30]
Levels: [32, 32, 32, 32, 32, 32, 32, 32, 32, 32, 32, 32, 32, 32, 32, 32, 32, 32, 32, 32, 32, 32, 32, 32, 32, 32, 32, 32, 32, 32, 32, 32, 32, 32, 32, 32, 32, 32, 32, 32, 32, 32, 32, 32, 32, 32, 32, 32, 32, 32, 32, 32, 32, 32, 32, 32, 32, 32, 32, 32, 32, 32, 32, 32, 31, 31, 32, 31, 32, 31, 32, 32, 32, 32, 32, 32, 32, 32, 32, 32, 32, 32, 32, 31, 32, 32, 32, 32, 32, 32, 32, 32, 32, 32, 32, 32, 32, 32, 32, 32, 32, 32, 32, 32, 32, 32, 32, 32, 32, 32, 32, 32]
Levels: [32, 32, 32, 32, 32, 32, 32, 32, 32, 32, 32, 32, 32, 32, 32, 32, 32, 32, 32, 32, 32, 32, 32, 32, 32, 32, 32, 32, 32, 32, 32, 32, 32, 32, 32, 32, 32, 32, 32, 32, 32, 32, 32, 32, 32, 32, 32, 32, 32, 32, 32, 32, 32, 32, 32, 32, 32, 32, 32, 32, 32, 32, 32, 32, 31, 31, 32, 31, 32, 31, 32, 32, 32, 32, 32, 32, 32, 32, 32, 32, 32, 32, 32, 31, 32, 32, 32, 32, 32, 32, 32, 32, 32, 32, 32, 32, 32, 32, 32, 32, 32, 32, 32, 32, 32, 32, 32, 32, 32, 32, 32, 32]
Progress(32) at 2020-05-05 18:10:11: 1,511,359,676 states generated (763,060,608 s/min), 212,385,513 distinct states found (101,240,729 ds/min), 16,230,000,000 states left on queue.
Levels: [32, 32, 32, 32, 32, 32, 32, 32, 32, 32, 32, 32, 32, 32, 32, 32, 32, 32, 32, 32, 32, 32, 32, 32, 32, 32, 32, 32, 32, 32, 32, 32, 32, 32, 32, 32, 32, 32, 32, 32, 32, 32, 32, 32, 32, 32, 32, 32, 32, 32, 32, 32, 32, 32, 32, 32, 32, 32, 32, 32, 32, 32, 32, 32, 31, 31, 32, 31, 32, 31, 32, 32, 32, 32, 32, 32, 32, 32, 32, 32, 32, 32, 32, 31, 32, 32, 32, 32, 32, 32, 32, 32, 32, 32, 32, 32, 32, 32, 32, 32, 32, 32, 32, 32, 32, 32, 32, 32, 32, 32, 32, 32]
Levels: [33, 33, 33, 33, 33, 33, 33, 33, 33, 33, 33, 33, 33, 33, 33, 33, 33, 33, 33, 33, 33, 33, 33, 33, 33, 33, 33, 33, 33, 33, 33, 33, 33, 33, 33, 33, 33, 33, 33, 33, 33, 33, 33, 33, 33, 33, 33, 33, 33, 33, 33, 33, 33, 33, 33, 33, 33, 33, 33, 33, 33, 33, 33, 33, 33, 33, 33, 33, 33, 33, 33, 33, 33, 33, 33, 33, 33, 33, 33, 33, 33, 33, 33, 33, 33, 33, 33, 33, 33, 33, 33, 33, 33, 33, 33, 33, 33, 33, 33, 33, 33, 33, 33, 33, 33, 33, 33, 33, 33, 33, 33, 33]
Levels: [33, 33, 33, 33, 33, 33, 33, 33, 33, 33, 33, 33, 33, 33, 33, 33, 33, 33, 33, 33, 33, 33, 33, 33, 33, 33, 33, 33, 33, 33, 33, 33, 33, 33, 33, 33, 33, 33, 33, 33, 33, 33, 33, 33, 33, 33, 33, 33, 33, 33, 33, 33, 33, 33, 33, 33, 33, 33, 33, 33, 33, 33, 33, 33, 33, 33, 33, 33, 33, 33, 33, 33, 33, 33, 33, 33, 33, 33, 33, 33, 33, 33, 33, 33, 33, 33, 33, 33, 33, 33, 33, 33, 33, 33, 33, 33, 33, 33, 33, 33, 33, 33, 33, 33, 33, 33, 33, 33, 33, 33, 33, 33]
Progress(33) at 2020-05-05 18:11:11: 2,259,131,906 states generated (747,772,230 s/min), 312,214,105 distinct states found (99,828,592 ds/min), 21,806,000,000 states left on queue.
Levels: [33, 33, 33, 33, 33, 33, 33, 33, 33, 33, 33, 33, 33, 33, 33, 33, 33, 33, 33, 33, 33, 33, 33, 33, 33, 33, 33, 33, 33, 33, 33, 33, 33, 33, 33, 33, 33, 33, 33, 33, 33, 33, 33, 33, 33, 33, 33, 33, 33, 33, 33, 33, 33, 33, 33, 33, 33, 33, 33, 33, 33, 33, 33, 33, 33, 33, 33, 33, 33, 33, 33, 33, 33, 33, 33, 33, 33, 33, 33, 33, 33, 33, 33, 33, 33, 33, 33, 33, 33, 33, 33, 33, 33, 33, 33, 33, 33, 33, 33, 33, 33, 33, 33, 33, 33, 33, 33, 33, 33, 33, 33, 33]
Levels: [34, 34, 34, 34, 34, 34, 34, 34, 34, 34, 34, 34, 34, 34, 34, 34, 34, 34, 34, 34, 34, 34, 34, 34, 34, 34, 34, 34, 34, 34, 34, 34, 34, 34, 34, 34, 34, 34, 34, 34, 34, 34, 34, 34, 34, 34, 34, 34, 34, 34, 34, 34, 34, 34, 34, 34, 34, 34, 34, 34, 34, 34, 34, 34, 34, 34, 34, 34, 34, 34, 34, 34, 34, 34, 34, 34, 34, 34, 34, 34, 34, 34, 34, 34, 34, 34, 34, 34, 34, 34, 34, 34, 34, 34, 34, 34, 34, 34, 34, 34, 34, 34, 34, 34, 34, 34, 34, 34, 34, 34, 34, 34]
Levels: [34, 34, 34, 34, 34, 34, 34, 34, 34, 34, 34, 34, 34, 34, 34, 34, 34, 34, 34, 34, 34, 34, 34, 34, 34, 34, 34, 34, 34, 34, 34, 34, 34, 34, 34, 34, 34, 34, 34, 34, 34, 34, 34, 34, 34, 34, 34, 34, 34, 34, 34, 34, 34, 34, 34, 34, 34, 34, 34, 34, 34, 34, 34, 34, 34, 34, 34, 34, 34, 34, 34, 34, 34, 34, 34, 34, 34, 34, 34, 34, 34, 34, 34, 34, 34, 34, 34, 34, 34, 34, 34, 34, 34, 34, 34, 34, 34, 34, 34, 34, 34, 34, 34, 34, 34, 34, 34, 34, 34, 34, 34, 34]
Progress(34) at 2020-05-05 18:12:11: 2,988,490,427 states generated (729,358,521 s/min), 412,422,355 distinct states found (100,208,250 ds/min), 27,057,000,000 states left on queue.
Levels: [34, 34, 34, 34, 34, 34, 34, 34, 34, 34, 34, 34, 34, 34, 34, 34, 34, 34, 34, 34, 34, 34, 34, 34, 34, 34, 34, 34, 34, 34, 34, 34, 34, 34, 34, 34, 34, 34, 34, 34, 34, 34, 34, 34, 34, 34, 34, 34, 34, 34, 34, 34, 34, 34, 34, 34, 34, 34, 34, 34, 34, 34, 34, 34, 34, 34, 34, 34, 34, 34, 34, 34, 34, 34, 34, 34, 34, 34, 34, 34, 34, 34, 34, 34, 34, 34, 34, 34, 34, 34, 34, 34, 34, 34, 34, 34, 34, 34, 34, 34, 34, 34, 34, 34, 34, 34, 34, 34, 34, 34, 34, 34]
Model checking completed. No error has been found.
  Estimates of the probability that TLC did not check all reachable states
  because two distinct states had the same fingerprint:
  calculated (optimistic):  val = .085
3606922895 states generated, 502049058 distinct states found, 122684000000 states left on queue.
Levels: [35, 35, 35, 35, 35, 35, 35, 35, 35, 35, 35, 35, 35, 35, 35, 35, 35, 35, 35, 34, 35, 35, 35, 35, 34, 35, 35, 35, 35, 35, 35, 34, 35, 35, 35, 35, 35, 35, 35, 35, 35, 35, 35, 35, 35, 35, 35, 35, 35, 35, 35, 35, 35, 35, 35, 35, 35, 35, 35, 35, 35, 35, 35, 35, 35, 35, 35, 35, 35, 35, 35, 35, 35, 35, 35, 35, 35, 35, 35, 35, 35, 35, 35, 35, 35, 35, 35, 35, 35, 35, 35, 35, 35, 34, 35, 35, 35, 35, 35, 35, 35, 35, 35, 35, 35, 35, 35, 35, 35, 35, 35, 35]
The depth of the complete state graph search is 35.
The average outdegree of the complete state graph is 1 (minimum is 0, the maximum 31 and the 95th percentile is 5).
Finished in 304776ms at (2020-05-05 18:13:10)
