Started recording 1. No limit specified, using maxsize=250MB as default.

Use jcmd 25724 JFR.dump name=1 to copy recording data to file.
TLC2 Version 2.15 of Day Month 20?? (rev: 89d72ba)
Running breadth-first search Model-Checking with fp 54 and seed -153106699171922357 with 72 workers on 128 cores with 27305MB heap and 65536MB offheap memory [pid: 25724] (Linux 5.3.0-1020-azure amd64, Azul Systems, Inc. 14.0.1 x86_64, OffHeapDiskFPSet, DiskStateQueue).
Parsing file /mnt/markus/tlc-scalability/2020-05-05_m128/MC.tla
Parsing file /mnt/markus/tlc-scalability/2020-05-05_m128/Bakery.tla
Parsing file /tmp/TLC.tla
Parsing file /tmp/Naturals.tla
Parsing file /tmp/Sequences.tla
Parsing file /tmp/FiniteSets.tla
Semantic processing of module Naturals
Semantic processing of module Sequences
Semantic processing of module FiniteSets
Semantic processing of module TLC
Semantic processing of module Bakery
Semantic processing of module MC
Starting... (2020-05-05 17:37:21)
Loaded PageQueue (MemLimit=512, PageSize=4096)

Computing initial states...
Finished computing initial states: 1 distinct state generated at 2020-05-05 17:37:24.
Levels: [21, 23, 22, 21, 22, 22, 21, 21, 21, 21, 23, 22, 23, 21, 22, 20, 21, 22, 23, 21, 23, 21, 21, 22, 22, 21, 21, 22, 23, 21, 22, 22, 22, 22, 21, 21, 21, 23, 23, 22, 22, 22, 21, 22, 23, 21, 23, 22, 21, 22, 20, 21, 21, 21, 21, 20, 21, 21, 22, 20, 21, 20, 21, 21, 22, 21, 21, 21, 21, 21, 21, 22]
Levels: [21, 23, 22, 21, 22, 22, 21, 21, 21, 21, 23, 22, 23, 21, 22, 20, 21, 22, 23, 21, 23, 21, 21, 22, 22, 21, 21, 22, 23, 21, 22, 22, 22, 22, 21, 21, 21, 23, 23, 22, 22, 22, 21, 22, 23, 21, 23, 22, 21, 22, 20, 21, 21, 21, 21, 20, 21, 21, 22, 20, 21, 20, 21, 21, 22, 21, 21, 21, 21, 21, 21, 22]
Progress(23) at 2020-05-05 17:37:27: 13,938,252 states generated (13,938,252 s/min), 2,860,435 distinct states found (2,860,435 ds/min), 3,350,000 states left on queue.
Levels: [21, 23, 22, 21, 22, 22, 21, 21, 21, 21, 23, 22, 23, 21, 22, 20, 21, 22, 23, 21, 23, 21, 21, 22, 22, 21, 21, 22, 23, 21, 22, 22, 22, 22, 21, 21, 21, 23, 23, 22, 22, 22, 21, 22, 23, 21, 23, 22, 21, 22, 20, 21, 21, 21, 21, 20, 21, 21, 22, 20, 21, 20, 21, 21, 22, 21, 21, 21, 21, 21, 21, 22]
Levels: [30, 30, 30, 30, 30, 30, 29, 30, 30, 30, 30, 30, 30, 30, 30, 30, 30, 30, 30, 30, 30, 30, 30, 30, 30, 30, 30, 30, 29, 30, 30, 30, 30, 30, 29, 30, 30, 30, 30, 30, 30, 30, 30, 30, 29, 30, 30, 30, 30, 30, 30, 30, 30, 30, 30, 29, 30, 30, 30, 30, 30, 30, 30, 30, 30, 30, 30, 30, 30, 30, 30, 30]
Levels: [30, 30, 30, 30, 30, 30, 29, 30, 30, 30, 30, 30, 30, 30, 30, 30, 30, 30, 30, 30, 30, 30, 30, 30, 30, 30, 30, 30, 29, 30, 30, 30, 30, 30, 29, 30, 30, 30, 30, 30, 30, 30, 30, 30, 29, 30, 30, 30, 30, 30, 30, 30, 30, 30, 30, 29, 30, 30, 30, 30, 30, 30, 30, 30, 30, 30, 30, 30, 30, 30, 30, 30]
Progress(30) at 2020-05-05 17:38:27: 689,007,528 states generated (675,069,276 s/min), 104,917,042 distinct states found (102,056,607 ds/min), 9,143,000,000 states left on queue.
Levels: [30, 30, 30, 30, 30, 30, 29, 30, 30, 30, 30, 30, 30, 30, 30, 30, 30, 30, 30, 30, 30, 30, 30, 30, 30, 30, 30, 30, 29, 30, 30, 30, 30, 30, 29, 30, 30, 30, 30, 30, 30, 30, 30, 30, 29, 30, 30, 30, 30, 30, 30, 30, 30, 30, 30, 29, 30, 30, 30, 30, 30, 30, 30, 30, 30, 30, 30, 30, 30, 30, 30, 30]
Levels: [31, 31, 31, 31, 31, 31, 31, 31, 31, 31, 31, 31, 31, 31, 31, 31, 31, 31, 31, 31, 31, 31, 31, 31, 31, 31, 31, 31, 31, 31, 31, 31, 31, 31, 31, 31, 31, 31, 31, 31, 31, 31, 31, 31, 31, 31, 31, 31, 31, 31, 31, 31, 31, 31, 31, 31, 31, 31, 31, 31, 31, 31, 31, 31, 31, 31, 31, 31, 31, 31, 31, 31]
Levels: [31, 31, 31, 31, 31, 31, 31, 31, 31, 31, 31, 31, 31, 31, 31, 31, 31, 31, 31, 31, 31, 31, 31, 31, 31, 31, 31, 31, 31, 31, 31, 31, 31, 31, 31, 31, 31, 31, 31, 31, 31, 31, 31, 31, 31, 31, 31, 31, 31, 31, 31, 31, 31, 31, 31, 31, 31, 31, 31, 31, 31, 31, 31, 31, 31, 31, 31, 31, 31, 31, 31, 31]
Progress(31) at 2020-05-05 17:39:27: 1,379,255,031 states generated (690,247,503 s/min), 199,443,570 distinct states found (94,526,528 ds/min), 15,302,000,000 states left on queue.
Levels: [31, 31, 31, 31, 31, 31, 31, 31, 31, 31, 31, 31, 31, 31, 31, 31, 31, 31, 31, 31, 31, 31, 31, 31, 31, 31, 31, 31, 31, 31, 31, 31, 31, 31, 31, 31, 31, 31, 31, 31, 31, 31, 31, 31, 31, 31, 31, 31, 31, 31, 31, 31, 31, 31, 31, 31, 31, 31, 31, 31, 31, 31, 31, 31, 31, 31, 31, 31, 31, 31, 31, 31]
Levels: [32, 32, 32, 32, 33, 32, 33, 33, 33, 32, 32, 33, 32, 32, 32, 32, 32, 32, 32, 33, 32, 32, 32, 32, 32, 33, 32, 33, 32, 32, 33, 32, 32, 32, 32, 32, 32, 32, 32, 33, 32, 32, 32, 33, 32, 32, 33, 32, 32, 32, 33, 32, 32, 32, 32, 32, 32, 32, 32, 32, 32, 32, 32, 33, 32, 32, 32, 33, 32, 32, 32, 33]
Levels: [32, 32, 32, 32, 33, 32, 33, 33, 33, 32, 32, 33, 32, 32, 32, 32, 32, 32, 32, 33, 32, 32, 32, 32, 32, 33, 32, 33, 32, 32, 33, 32, 32, 32, 32, 32, 32, 32, 32, 33, 32, 32, 32, 33, 32, 32, 33, 32, 32, 32, 33, 32, 32, 32, 32, 32, 32, 32, 32, 32, 32, 32, 32, 33, 32, 32, 32, 33, 32, 32, 32, 33]
Progress(33) at 2020-05-05 17:40:27: 2,056,472,751 states generated (677,217,720 s/min), 292,251,479 distinct states found (92,807,909 ds/min), 20,550,000,000 states left on queue.
Levels: [32, 32, 32, 32, 33, 32, 33, 33, 33, 32, 32, 33, 32, 32, 32, 32, 32, 32, 32, 33, 32, 32, 32, 32, 32, 33, 32, 33, 32, 32, 33, 32, 32, 32, 32, 32, 32, 32, 32, 33, 32, 32, 32, 33, 32, 32, 33, 32, 32, 32, 33, 32, 32, 32, 32, 32, 32, 32, 32, 32, 32, 32, 32, 33, 32, 32, 32, 33, 32, 32, 32, 33]
Levels: [33, 33, 33, 33, 33, 33, 33, 33, 33, 33, 33, 33, 33, 33, 33, 33, 33, 33, 33, 33, 33, 33, 33, 33, 33, 33, 33, 33, 33, 33, 33, 33, 33, 33, 33, 33, 33, 33, 33, 33, 33, 33, 33, 33, 33, 33, 33, 33, 33, 33, 33, 33, 33, 33, 33, 33, 33, 33, 33, 33, 33, 33, 33, 33, 33, 33, 33, 33, 33, 33, 33, 33]
Levels: [33, 33, 33, 33, 33, 33, 33, 33, 33, 33, 33, 33, 33, 33, 33, 33, 33, 33, 33, 33, 33, 33, 33, 33, 33, 33, 33, 33, 33, 33, 33, 33, 33, 33, 33, 33, 33, 33, 33, 33, 33, 33, 33, 33, 33, 33, 33, 33, 33, 33, 33, 33, 33, 33, 33, 33, 33, 33, 33, 33, 33, 33, 33, 33, 33, 33, 33, 33, 33, 33, 33, 33]
Progress(33) at 2020-05-05 17:41:27: 2,735,488,928 states generated (679,016,177 s/min), 387,164,164 distinct states found (94,912,685 ds/min), 25,781,000,000 states left on queue.
Levels: [33, 33, 33, 33, 33, 33, 33, 33, 33, 33, 33, 33, 33, 33, 33, 33, 33, 33, 33, 33, 33, 33, 33, 33, 33, 33, 33, 33, 33, 33, 33, 33, 33, 33, 33, 33, 33, 33, 33, 33, 33, 33, 33, 33, 33, 33, 33, 33, 33, 33, 33, 33, 33, 33, 33, 33, 33, 33, 33, 33, 33, 33, 33, 33, 33, 33, 33, 33, 33, 33, 33, 33]
Model checking completed. No error has been found.
  Estimates of the probability that TLC did not check all reachable states
  because two distinct states had the same fingerprint:
  calculated (optimistic):  val = .074
3354494404 states generated, 473388286 distinct states found, 115644000000 states left on queue.
Levels: [34, 34, 34, 34, 34, 34, 34, 34, 34, 34, 34, 34, 34, 34, 34, 34, 34, 34, 34, 34, 34, 34, 34, 34, 34, 34, 34, 34, 34, 34, 34, 34, 34, 34, 34, 34, 34, 34, 34, 34, 34, 34, 34, 34, 34, 34, 34, 34, 34, 34, 34, 34, 34, 34, 34, 34, 34, 34, 34, 34, 34, 34, 34, 34, 34, 34, 34, 34, 34, 34, 34, 34]
The depth of the complete state graph search is 34.
The average outdegree of the complete state graph is 1 (minimum is 0, the maximum 31 and the 95th percentile is 5).
Finished in 304525ms at (2020-05-05 17:42:26)
