Started recording 1. No limit specified, using maxsize=250MB as default.

Use jcmd 50982 JFR.dump name=1 to copy recording data to file.
TLC2 Version 2.15 of Day Month 20?? (rev: 89d72ba)
Running breadth-first search Model-Checking with fp 8 and seed 5993927538411373737 with 80 workers on 128 cores with 27305MB heap and 65536MB offheap memory [pid: 50982] (Linux 5.3.0-1020-azure amd64, Azul Systems, Inc. 14.0.1 x86_64, OffHeapDiskFPSet, DiskStateQueue).
Parsing file /mnt/markus/tlc-scalability/2020-05-05_m128/MC.tla
Parsing file /mnt/markus/tlc-scalability/2020-05-05_m128/Bakery.tla
Parsing file /tmp/TLC.tla
Parsing file /tmp/Naturals.tla
Parsing file /tmp/Sequences.tla
Parsing file /tmp/FiniteSets.tla
Semantic processing of module Naturals
Semantic processing of module Sequences
Semantic processing of module FiniteSets
Semantic processing of module TLC
Semantic processing of module Bakery
Semantic processing of module MC
Starting... (2020-05-05 21:13:33)
Loaded PageQueue (MemLimit=512, PageSize=8192)

Computing initial states...
Finished computing initial states: 1 distinct state generated at 2020-05-05 21:13:35.
Levels: [19, 21, 19, 21, 18, 19, 20, 21, 19, 20, 19, 20, 20, 22, 18, 19, 19, 20, 16, 20, 18, 16, 19, 21, 20, 19, 21, 20, 21, 17, 18, 20, 17, 18, 16, 17, 20, 18, 19, 17, 17, 18, 18, 19, 23, 17, 18, 20, 18, 19, 17, 18, 17, 18, 18, 20, 18, 17, 18, 17, 18, 19, 21, 19, 22, 18, 19, 20, 19, 19, 18, 19, 18, 18, 20, 20, 18, 21, 20, 19]
Levels: [19, 21, 19, 21, 18, 19, 20, 21, 19, 20, 19, 20, 20, 22, 18, 19, 19, 20, 16, 20, 18, 16, 19, 21, 20, 19, 21, 20, 21, 17, 18, 20, 17, 18, 16, 17, 20, 18, 19, 17, 17, 18, 18, 19, 23, 17, 18, 20, 18, 19, 17, 18, 17, 18, 18, 20, 18, 17, 18, 17, 18, 19, 21, 19, 22, 18, 19, 20, 19, 19, 18, 19, 18, 18, 20, 20, 18, 21, 20, 19]
Progress(23) at 2020-05-05 21:13:38: 4,366,467 states generated (4,366,467 s/min), 1,026,221 distinct states found (1,026,221 ds/min), 500,000 states left on queue.
Levels: [19, 21, 19, 21, 18, 19, 20, 21, 19, 20, 19, 20, 20, 22, 18, 19, 19, 20, 16, 20, 18, 16, 19, 21, 20, 19, 21, 20, 21, 21, 18, 20, 17, 18, 18, 17, 20, 18, 19, 17, 17, 18, 18, 19, 23, 17, 18, 20, 18, 19, 17, 18, 17, 18, 18, 20, 18, 17, 18, 17, 18, 19, 21, 19, 22, 18, 19, 20, 19, 19, 18, 19, 18, 18, 20, 20, 18, 21, 20, 19]
Levels: [31, 31, 30, 30, 31, 31, 31, 31, 31, 30, 31, 31, 29, 31, 31, 31, 31, 31, 29, 29, 30, 31, 29, 31, 30, 31, 30, 31, 31, 30, 30, 31, 31, 31, 29, 31, 30, 30, 31, 31, 30, 30, 29, 31, 29, 30, 29, 30, 31, 31, 30, 29, 30, 29, 30, 31, 31, 31, 31, 30, 31, 31, 31, 29, 31, 31, 31, 30, 30, 30, 31, 30, 30, 31, 30, 31, 31, 31, 31, 29]
Levels: [31, 31, 30, 30, 31, 31, 31, 31, 31, 30, 31, 31, 29, 31, 31, 31, 31, 31, 29, 29, 30, 31, 29, 31, 30, 31, 30, 31, 31, 30, 30, 31, 31, 31, 29, 31, 30, 30, 31, 31, 30, 30, 29, 31, 29, 30, 29, 30, 31, 31, 30, 29, 30, 29, 30, 31, 31, 31, 31, 30, 31, 31, 31, 29, 31, 31, 31, 30, 30, 30, 31, 30, 30, 31, 30, 31, 31, 31, 31, 29]
Progress(31) at 2020-05-05 21:14:38: 666,747,225 states generated (662,380,758 s/min), 101,457,879 distinct states found (100,431,658 ds/min), 4,457,000,000 states left on queue.
Levels: [31, 31, 30, 30, 31, 31, 31, 31, 31, 30, 31, 31, 29, 31, 31, 31, 31, 31, 29, 29, 30, 31, 29, 31, 30, 31, 30, 31, 31, 30, 30, 31, 31, 31, 29, 31, 30, 30, 31, 31, 30, 30, 29, 31, 29, 30, 29, 30, 31, 31, 30, 29, 30, 29, 30, 31, 31, 31, 31, 30, 31, 31, 31, 29, 31, 31, 31, 30, 30, 30, 31, 30, 30, 31, 30, 31, 31, 31, 31, 29]
Levels: [31, 32, 31, 33, 32, 32, 32, 33, 32, 33, 32, 33, 32, 32, 32, 33, 32, 32, 33, 33, 32, 32, 33, 32, 31, 32, 32, 31, 32, 33, 33, 32, 33, 31, 33, 32, 32, 32, 33, 32, 31, 32, 31, 32, 32, 32, 33, 32, 32, 33, 31, 33, 32, 33, 33, 32, 32, 33, 32, 33, 32, 33, 33, 33, 33, 32, 33, 33, 33, 32, 32, 33, 33, 32, 32, 32, 33, 32, 32, 33]
Levels: [31, 32, 31, 33, 32, 32, 32, 33, 32, 33, 32, 33, 32, 32, 32, 33, 32, 32, 33, 33, 32, 32, 33, 32, 31, 32, 32, 31, 32, 33, 33, 32, 33, 31, 33, 32, 32, 32, 33, 32, 31, 32, 31, 32, 32, 32, 33, 32, 32, 33, 31, 33, 32, 33, 33, 32, 32, 33, 32, 33, 32, 33, 33, 33, 33, 32, 33, 33, 33, 32, 32, 33, 33, 32, 32, 32, 33, 32, 32, 33]
Progress(33) at 2020-05-05 21:15:38: 1,351,621,253 states generated (684,874,028 s/min), 193,233,121 distinct states found (91,775,242 ds/min), 7,432,000,000 states left on queue.
Levels: [31, 32, 31, 33, 32, 32, 32, 33, 32, 33, 32, 33, 32, 32, 32, 33, 32, 32, 33, 33, 32, 32, 33, 32, 31, 32, 32, 31, 32, 33, 33, 32, 33, 31, 33, 32, 32, 32, 33, 32, 31, 32, 31, 32, 32, 32, 33, 32, 32, 33, 31, 33, 32, 33, 33, 32, 32, 33, 32, 33, 32, 33, 33, 33, 33, 32, 33, 33, 33, 32, 32, 33, 33, 32, 32, 32, 33, 32, 32, 33]
Levels: [34, 34, 34, 34, 34, 34, 34, 34, 34, 34, 34, 34, 32, 34, 33, 34, 34, 34, 34, 34, 34, 34, 34, 34, 34, 34, 34, 34, 34, 34, 34, 34, 34, 34, 34, 34, 34, 33, 34, 34, 33, 34, 34, 33, 34, 34, 34, 34, 34, 34, 34, 33, 34, 34, 34, 34, 34, 33, 33, 34, 34, 34, 33, 34, 34, 34, 34, 34, 34, 34, 34, 34, 34, 34, 34, 34, 34, 34, 34, 34]
Levels: [34, 34, 34, 34, 34, 34, 34, 34, 34, 34, 34, 34, 32, 34, 33, 34, 34, 34, 34, 34, 34, 34, 34, 34, 34, 34, 34, 34, 34, 34, 34, 34, 34, 34, 34, 34, 34, 33, 34, 34, 33, 34, 34, 33, 34, 34, 34, 34, 34, 34, 34, 33, 34, 34, 34, 34, 34, 33, 33, 34, 34, 34, 33, 34, 34, 34, 34, 34, 34, 34, 34, 34, 34, 34, 34, 34, 34, 34, 34, 34]
Progress(34) at 2020-05-05 21:16:38: 2,028,447,903 states generated (676,826,650 s/min), 284,569,256 distinct states found (91,336,135 ds/min), 10,091,000,000 states left on queue.
Levels: [34, 34, 34, 34, 34, 34, 34, 34, 34, 34, 34, 34, 32, 34, 33, 34, 34, 34, 34, 34, 34, 34, 34, 34, 34, 34, 34, 34, 34, 34, 34, 34, 34, 34, 34, 34, 34, 33, 34, 34, 33, 34, 34, 33, 34, 34, 34, 34, 34, 34, 34, 33, 34, 34, 34, 34, 34, 33, 33, 34, 34, 34, 33, 34, 34, 34, 34, 34, 34, 34, 34, 34, 34, 34, 34, 34, 34, 34, 34, 34]
Levels: [35, 35, 35, 34, 35, 35, 35, 34, 35, 34, 35, 35, 35, 35, 35, 35, 35, 35, 35, 35, 34, 34, 34, 35, 34, 35, 35, 35, 35, 34, 34, 34, 35, 35, 35, 35, 34, 35, 34, 35, 35, 35, 35, 35, 35, 35, 34, 34, 34, 35, 35, 34, 34, 35, 35, 35, 35, 35, 35, 35, 35, 35, 35, 35, 35, 35, 34, 35, 34, 35, 35, 34, 34, 35, 35, 35, 35, 34, 35, 35]
Levels: [35, 35, 35, 34, 35, 35, 35, 34, 35, 34, 35, 35, 35, 35, 35, 35, 35, 35, 35, 35, 34, 34, 34, 35, 34, 35, 35, 35, 35, 34, 34, 34, 35, 35, 35, 35, 34, 35, 34, 35, 35, 35, 35, 35, 35, 35, 34, 34, 34, 35, 35, 34, 34, 35, 35, 35, 35, 35, 35, 35, 35, 35, 35, 35, 35, 35, 34, 35, 34, 35, 35, 34, 34, 35, 35, 35, 35, 34, 35, 35]
Progress(35) at 2020-05-05 21:17:38: 2,690,858,665 states generated (662,410,762 s/min), 376,313,434 distinct states found (91,744,178 ds/min), 12,614,000,000 states left on queue.
Levels: [35, 35, 35, 34, 35, 35, 35, 34, 35, 34, 35, 35, 35, 35, 35, 35, 35, 35, 35, 35, 34, 34, 34, 35, 34, 35, 35, 35, 35, 34, 34, 34, 35, 35, 35, 35, 34, 35, 34, 35, 35, 35, 35, 35, 35, 35, 34, 34, 34, 35, 35, 34, 34, 35, 35, 35, 35, 35, 35, 35, 35, 35, 35, 35, 35, 35, 34, 35, 34, 35, 35, 34, 34, 35, 35, 35, 35, 34, 35, 35]
Model checking completed. No error has been found.
  Estimates of the probability that TLC did not check all reachable states
  because two distinct states had the same fingerprint:
  calculated (optimistic):  val = .070
3281409251 states generated, 459161422 distinct states found, 56135000000 states left on queue.
Levels: [35, 35, 35, 35, 35, 35, 35, 35, 35, 35, 35, 35, 35, 35, 35, 35, 35, 35, 35, 35, 35, 35, 35, 35, 35, 35, 35, 35, 35, 35, 35, 35, 35, 35, 35, 35, 35, 35, 35, 35, 35, 35, 35, 35, 35, 35, 35, 35, 35, 35, 35, 35, 35, 35, 35, 35, 35, 35, 35, 35, 35, 35, 35, 35, 35, 35, 35, 35, 35, 35, 35, 35, 35, 35, 35, 35, 35, 35, 35, 35]
The depth of the complete state graph search is 35.
The average outdegree of the complete state graph is 1 (minimum is 0, the maximum 30 and the 95th percentile is 5).
Finished in 304067ms at (2020-05-05 21:18:36)
