Started recording 1. No limit specified, using maxsize=250MB as default.

Use jcmd 38495 JFR.dump name=1 to copy recording data to file.
TLC2 Version 2.15 of Day Month 20?? (rev: 89d72ba)
Running breadth-first search Model-Checking with fp 21 and seed 699534234455911427 with 88 workers on 128 cores with 27305MB heap and 65536MB offheap memory [pid: 38495] (Linux 5.3.0-1020-azure amd64, Azul Systems, Inc. 14.0.1 x86_64, OffHeapDiskFPSet, DiskStateQueue).
Parsing file /mnt/markus/tlc-scalability/2020-05-05_m128/MC.tla
Parsing file /mnt/markus/tlc-scalability/2020-05-05_m128/Bakery.tla
Parsing file /tmp/TLC.tla
Parsing file /tmp/Naturals.tla
Parsing file /tmp/Sequences.tla
Parsing file /tmp/FiniteSets.tla
Semantic processing of module Naturals
Semantic processing of module Sequences
Semantic processing of module FiniteSets
Semantic processing of module TLC
Semantic processing of module Bakery
Semantic processing of module MC
Starting... (2020-05-05 19:19:18)
Loaded PageQueue (MemLimit=512, PageSize=4096)

Computing initial states...
Finished computing initial states: 1 distinct state generated at 2020-05-05 19:19:20.
Levels: [22, 19, 20, 19, 21, 21, 20, 21, 23, 22, 21, 22, 20, 21, 20, 21, 19, 20, 21, 21, 20, 22, 21, 21, 23, 21, 21, 20, 21, 21, 18, 20, 20, 20, 20, 22, 21, 21, 19, 19, 21, 21, 21, 22, 20, 21, 18, 19, 22, 20, 20, 19, 20, 21, 22, 20, 21, 18, 21, 19, 20, 21, 20, 20, 20, 21, 19, 20, 21, 22, 21, 21, 21, 20, 19, 20, 20, 21, 21, 20, 20, 20, 20, 21, 21, 20, 21, 21]
Levels: [22, 19, 20, 19, 21, 21, 20, 21, 23, 22, 21, 22, 20, 21, 20, 21, 19, 20, 21, 21, 20, 22, 21, 21, 23, 21, 21, 20, 21, 21, 18, 20, 20, 20, 20, 22, 21, 21, 19, 19, 21, 21, 21, 22, 20, 21, 18, 19, 22, 20, 20, 19, 20, 21, 22, 20, 21, 18, 21, 19, 20, 21, 20, 20, 20, 21, 19, 20, 21, 22, 21, 21, 21, 20, 19, 20, 20, 21, 21, 20, 20, 20, 20, 21, 21, 20, 21, 21]
Progress(23) at 2020-05-05 19:19:23: 9,231,730 states generated (9,231,730 s/min), 1,965,646 distinct states found (1,965,646 ds/min), 2,400,000 states left on queue.
Levels: [22, 19, 20, 19, 21, 21, 20, 21, 23, 22, 21, 22, 20, 21, 20, 21, 19, 20, 21, 21, 20, 22, 21, 21, 23, 21, 21, 20, 21, 21, 18, 20, 20, 20, 20, 22, 21, 21, 19, 19, 21, 21, 21, 22, 20, 21, 18, 19, 22, 20, 20, 19, 20, 21, 22, 20, 21, 18, 21, 19, 20, 21, 20, 20, 20, 21, 19, 20, 21, 22, 21, 21, 21, 20, 19, 20, 20, 21, 21, 20, 20, 20, 20, 21, 21, 20, 21, 21]
Levels: [30, 30, 30, 30, 30, 30, 30, 30, 30, 30, 30, 30, 30, 30, 30, 30, 30, 30, 30, 30, 30, 30, 30, 30, 30, 30, 29, 30, 30, 30, 29, 30, 30, 30, 30, 30, 30, 30, 30, 30, 30, 30, 30, 30, 30, 30, 30, 30, 30, 30, 30, 30, 30, 30, 30, 30, 30, 30, 30, 30, 30, 30, 29, 30, 30, 30, 30, 30, 30, 30, 30, 30, 30, 30, 30, 30, 30, 30, 30, 30, 30, 30, 30, 30, 30, 30, 30, 30]
Levels: [30, 30, 30, 30, 30, 30, 30, 30, 30, 30, 30, 30, 30, 30, 30, 30, 30, 30, 30, 30, 30, 30, 30, 30, 30, 30, 29, 30, 30, 30, 29, 30, 30, 30, 30, 30, 30, 30, 30, 30, 30, 30, 30, 30, 30, 30, 30, 30, 30, 30, 30, 30, 30, 30, 30, 30, 30, 30, 30, 30, 30, 30, 29, 30, 30, 30, 30, 30, 30, 30, 30, 30, 30, 30, 30, 30, 30, 30, 30, 30, 30, 30, 30, 30, 30, 30, 30, 30]
Progress(30) at 2020-05-05 19:20:23: 691,620,513 states generated (682,388,783 s/min), 105,894,060 distinct states found (103,928,414 ds/min), 9,198,000,000 states left on queue.
Levels: [30, 30, 30, 30, 30, 30, 30, 30, 30, 30, 30, 30, 30, 30, 30, 30, 30, 30, 30, 30, 30, 30, 30, 30, 30, 30, 29, 30, 30, 30, 29, 30, 30, 30, 30, 30, 30, 30, 30, 30, 30, 30, 30, 30, 30, 30, 30, 30, 30, 30, 30, 30, 30, 30, 30, 30, 30, 30, 30, 30, 30, 30, 29, 30, 30, 30, 30, 30, 30, 30, 30, 30, 30, 30, 30, 30, 30, 30, 30, 30, 30, 30, 30, 30, 30, 30, 30, 30]
Levels: [32, 32, 32, 32, 32, 32, 32, 31, 32, 32, 32, 32, 32, 32, 32, 32, 31, 32, 32, 32, 32, 32, 32, 32, 32, 32, 32, 32, 32, 32, 32, 32, 32, 32, 32, 31, 32, 32, 32, 32, 32, 32, 31, 32, 32, 32, 32, 31, 32, 32, 32, 32, 32, 32, 32, 31, 32, 32, 32, 32, 32, 32, 32, 32, 32, 32, 32, 32, 32, 32, 31, 32, 31, 32, 32, 32, 32, 32, 32, 32, 32, 32, 32, 32, 32, 32, 32, 32]
Levels: [32, 32, 32, 32, 32, 32, 32, 31, 32, 32, 32, 32, 32, 32, 32, 32, 31, 32, 32, 32, 32, 32, 32, 32, 32, 32, 32, 32, 32, 32, 32, 32, 32, 32, 32, 31, 32, 32, 32, 32, 32, 32, 31, 32, 32, 32, 32, 31, 32, 32, 32, 32, 32, 32, 32, 31, 32, 32, 32, 32, 32, 32, 32, 32, 32, 32, 32, 32, 32, 32, 31, 32, 31, 32, 32, 32, 32, 32, 32, 32, 32, 32, 32, 32, 32, 32, 32, 32]
Progress(32) at 2020-05-05 19:21:23: 1,394,340,969 states generated (702,720,456 s/min), 202,276,973 distinct states found (96,382,913 ds/min), 15,520,000,000 states left on queue.
Levels: [32, 32, 32, 32, 32, 32, 32, 31, 32, 32, 32, 32, 32, 32, 32, 32, 31, 32, 32, 32, 32, 32, 32, 32, 32, 32, 32, 32, 32, 32, 32, 32, 32, 32, 32, 31, 32, 32, 32, 32, 32, 32, 31, 32, 32, 32, 32, 31, 32, 32, 32, 32, 32, 32, 32, 31, 32, 32, 32, 32, 32, 32, 32, 32, 32, 32, 32, 32, 32, 32, 31, 32, 31, 32, 32, 32, 32, 32, 32, 32, 32, 32, 32, 32, 32, 32, 32, 32]
Levels: [33, 33, 33, 33, 33, 33, 33, 33, 33, 33, 33, 33, 33, 33, 33, 33, 33, 33, 33, 33, 33, 33, 33, 33, 33, 33, 33, 33, 33, 33, 33, 33, 33, 33, 33, 33, 33, 33, 33, 33, 33, 33, 33, 33, 33, 33, 33, 33, 33, 33, 33, 33, 33, 33, 33, 33, 33, 33, 33, 33, 33, 33, 33, 33, 33, 33, 33, 33, 33, 33, 33, 33, 33, 33, 33, 33, 33, 33, 33, 33, 33, 33, 33, 33, 33, 33, 33, 33]
Levels: [33, 33, 33, 33, 33, 33, 33, 33, 33, 33, 33, 33, 33, 33, 33, 33, 33, 33, 33, 33, 33, 33, 33, 33, 33, 33, 33, 33, 33, 33, 33, 33, 33, 33, 33, 33, 33, 33, 33, 33, 33, 33, 33, 33, 33, 33, 33, 33, 33, 33, 33, 33, 33, 33, 33, 33, 33, 33, 33, 33, 33, 33, 33, 33, 33, 33, 33, 33, 33, 33, 33, 33, 33, 33, 33, 33, 33, 33, 33, 33, 33, 33, 33, 33, 33, 33, 33, 33]
Progress(33) at 2020-05-05 19:22:23: 2,085,466,519 states generated (691,125,550 s/min), 296,926,009 distinct states found (94,649,036 ds/min), 20,859,000,000 states left on queue.
Levels: [33, 33, 33, 33, 33, 33, 33, 33, 33, 33, 33, 33, 33, 33, 33, 33, 33, 33, 33, 33, 33, 33, 33, 33, 33, 33, 33, 33, 33, 33, 33, 33, 33, 33, 33, 33, 33, 33, 33, 33, 33, 33, 33, 33, 33, 33, 33, 33, 33, 33, 33, 33, 33, 33, 33, 33, 33, 33, 33, 33, 33, 33, 33, 33, 33, 33, 33, 33, 33, 33, 33, 33, 33, 33, 33, 33, 33, 33, 33, 33, 33, 33, 33, 33, 33, 33, 33, 33]
Levels: [34, 34, 34, 34, 34, 34, 34, 34, 34, 34, 34, 34, 34, 34, 34, 34, 34, 34, 34, 34, 34, 34, 34, 34, 34, 34, 34, 34, 34, 34, 34, 34, 34, 34, 34, 34, 34, 33, 34, 34, 34, 34, 34, 34, 34, 34, 34, 34, 34, 34, 34, 34, 34, 34, 34, 34, 34, 34, 34, 34, 34, 34, 34, 34, 34, 34, 34, 34, 34, 34, 34, 34, 34, 34, 34, 34, 34, 34, 34, 34, 34, 34, 34, 34, 34, 34, 34, 34]
Levels: [34, 34, 34, 34, 34, 34, 34, 34, 34, 34, 34, 34, 34, 34, 34, 34, 34, 34, 34, 34, 34, 34, 34, 34, 34, 34, 34, 34, 34, 34, 34, 34, 34, 34, 34, 34, 34, 33, 34, 34, 34, 34, 34, 34, 34, 34, 34, 34, 34, 34, 34, 34, 34, 34, 34, 34, 34, 34, 34, 34, 34, 34, 34, 34, 34, 34, 34, 34, 34, 34, 34, 34, 34, 34, 34, 34, 34, 34, 34, 34, 34, 34, 34, 34, 34, 34, 34, 34]
Progress(34) at 2020-05-05 19:23:23: 2,771,654,287 states generated (686,187,768 s/min), 393,428,545 distinct states found (96,502,536 ds/min), 26,303,000,000 states left on queue.
Levels: [34, 34, 34, 34, 34, 34, 34, 34, 34, 34, 34, 34, 34, 34, 34, 34, 34, 34, 34, 34, 34, 34, 34, 34, 34, 34, 34, 34, 34, 34, 34, 34, 34, 34, 34, 34, 34, 33, 34, 34, 34, 34, 34, 34, 34, 34, 34, 34, 34, 34, 34, 34, 34, 34, 34, 34, 34, 34, 34, 34, 34, 34, 34, 34, 34, 34, 34, 34, 34, 34, 34, 34, 34, 34, 34, 34, 34, 34, 34, 34, 34, 34, 34, 34, 34, 34, 34, 34]
Model checking completed. No error has been found.
  Estimates of the probability that TLC did not check all reachable states
  because two distinct states had the same fingerprint:
  calculated (optimistic):  val = .076
3398487712 states generated, 480767043 distinct states found, 117457000000 states left on queue.
Levels: [34, 34, 34, 34, 34, 34, 34, 34, 34, 34, 34, 34, 34, 34, 34, 34, 34, 34, 34, 34, 34, 34, 34, 34, 34, 34, 34, 34, 34, 34, 34, 34, 34, 34, 34, 34, 34, 34, 34, 34, 34, 34, 34, 34, 34, 34, 34, 34, 34, 34, 34, 34, 34, 34, 34, 34, 34, 34, 34, 34, 34, 34, 34, 34, 34, 34, 34, 34, 34, 34, 34, 34, 34, 34, 34, 34, 34, 34, 34, 34, 34, 34, 34, 34, 34, 34, 34, 34]
The depth of the complete state graph search is 34.
The average outdegree of the complete state graph is 1 (minimum is 0, the maximum 31 and the 95th percentile is 5).
Finished in 304574ms at (2020-05-05 19:24:22)
