Started recording 1. No limit specified, using maxsize=250MB as default.

Use jcmd 52342 JFR.dump name=1 to copy recording data to file.
TLC2 Version 2.15 of Day Month 20?? (rev: 89d72ba)
Running breadth-first search Model-Checking with fp 30 and seed -2894023418939131262 with 96 workers on 128 cores with 27305MB heap and 65536MB offheap memory [pid: 52342] (Linux 5.3.0-1020-azure amd64, Azul Systems, Inc. 14.0.1 x86_64, OffHeapDiskFPSet, DiskStateQueue).
Parsing file /mnt/markus/tlc-scalability/2020-05-05_m128/MC.tla
Parsing file /mnt/markus/tlc-scalability/2020-05-05_m128/Bakery.tla
Parsing file /tmp/TLC.tla
Parsing file /tmp/Naturals.tla
Parsing file /tmp/Sequences.tla
Parsing file /tmp/FiniteSets.tla
Semantic processing of module Naturals
Semantic processing of module Sequences
Semantic processing of module FiniteSets
Semantic processing of module TLC
Semantic processing of module Bakery
Semantic processing of module MC
Starting... (2020-05-05 21:23:46)
Loaded PageQueue (MemLimit=512, PageSize=8192)

Computing initial states...
Finished computing initial states: 1 distinct state generated at 2020-05-05 21:23:48.
Levels: [20, 19, 22, 20, 19, 20, 20, 18, 19, 21, 20, 19, 20, 19, 18, 21, 20, 21, 19, 19, 20, 20, 21, 21, 19, 20, 19, 20, 20, 22, 21, 19, 21, 21, 19, 18, 19, 21, 21, 20, 20, 19, 21, 21, 21, 20, 20, 22, 20, 19, 21, 21, 18, 21, 19, 22, 19, 20, 18, 19, 20, 20, 21, 22, 18, 20, 18, 19, 20, 18, 21, 19, 18, 18, 20, 20, 19, 21, 19, 18, 18, 19, 18, 19, 19, 19, 20, 20, 20, 20, 20, 20, 20, 20, 19, 20]
Levels: [20, 19, 22, 20, 19, 20, 20, 18, 19, 21, 20, 19, 20, 19, 18, 21, 20, 21, 19, 19, 20, 20, 21, 21, 19, 20, 19, 20, 20, 22, 21, 19, 21, 21, 19, 18, 19, 21, 21, 20, 20, 19, 21, 21, 21, 20, 20, 22, 20, 19, 21, 21, 18, 21, 19, 22, 19, 20, 18, 19, 20, 20, 21, 22, 18, 20, 18, 19, 20, 18, 21, 19, 18, 18, 20, 20, 19, 21, 19, 18, 18, 19, 18, 19, 19, 19, 20, 20, 20, 20, 20, 20, 20, 20, 19, 20]
Progress(22) at 2020-05-05 21:23:52: 7,155,251 states generated (7,155,251 s/min), 1,632,357 distinct states found (1,632,357 ds/min), 1,040,000 states left on queue.
Levels: [20, 19, 22, 20, 19, 20, 20, 18, 19, 21, 20, 19, 20, 19, 18, 21, 20, 21, 19, 19, 20, 20, 21, 21, 19, 20, 19, 20, 20, 22, 21, 19, 21, 21, 19, 18, 19, 21, 21, 20, 20, 19, 21, 21, 21, 20, 20, 22, 20, 19, 21, 21, 18, 21, 19, 22, 19, 20, 18, 19, 20, 20, 21, 22, 18, 20, 18, 19, 20, 18, 21, 19, 18, 18, 20, 20, 19, 21, 19, 18, 18, 19, 18, 19, 19, 19, 20, 20, 20, 20, 20, 20, 20, 20, 19, 20]
Levels: [29, 29, 29, 29, 29, 29, 29, 29, 29, 29, 29, 29, 30, 29, 29, 29, 29, 29, 29, 29, 29, 29, 29, 29, 29, 29, 29, 29, 29, 29, 29, 29, 29, 29, 29, 29, 29, 29, 29, 29, 29, 29, 29, 29, 29, 29, 29, 29, 29, 29, 29, 29, 29, 29, 29, 29, 29, 29, 29, 29, 30, 29, 29, 30, 29, 29, 29, 29, 29, 29, 29, 29, 30, 29, 29, 29, 29, 29, 29, 29, 29, 29, 29, 29, 29, 29, 29, 29, 29, 29, 29, 29, 29, 29, 29, 29]
Levels: [29, 29, 29, 29, 29, 29, 29, 29, 29, 29, 29, 29, 30, 29, 29, 29, 29, 29, 29, 29, 29, 29, 29, 29, 29, 29, 29, 29, 29, 29, 29, 29, 29, 29, 29, 29, 29, 29, 29, 29, 29, 29, 29, 29, 29, 29, 29, 29, 29, 29, 29, 29, 29, 29, 29, 29, 29, 29, 29, 29, 30, 29, 29, 30, 29, 29, 29, 29, 29, 29, 29, 29, 30, 29, 29, 29, 29, 29, 29, 29, 29, 29, 29, 29, 29, 29, 29, 29, 29, 29, 29, 29, 29, 29, 29, 29]
Progress(30) at 2020-05-05 21:24:52: 676,214,686 states generated (669,059,435 s/min), 101,710,093 distinct states found (100,077,736 ds/min), 4,568,000,000 states left on queue.
Levels: [29, 29, 29, 29, 29, 29, 29, 29, 29, 29, 29, 29, 30, 29, 29, 29, 29, 29, 29, 29, 29, 29, 29, 29, 29, 29, 29, 29, 29, 29, 29, 29, 29, 29, 29, 29, 29, 29, 29, 29, 29, 29, 29, 29, 29, 29, 29, 29, 29, 29, 29, 29, 29, 29, 29, 29, 29, 29, 29, 29, 30, 29, 29, 30, 29, 29, 29, 29, 29, 29, 29, 29, 30, 29, 29, 29, 29, 29, 29, 29, 29, 29, 29, 29, 29, 29, 29, 29, 29, 29, 29, 29, 29, 29, 29, 29]
Levels: [31, 31, 31, 31, 31, 31, 31, 31, 31, 31, 31, 31, 31, 31, 31, 31, 31, 31, 31, 31, 31, 31, 31, 31, 31, 31, 31, 31, 31, 31, 31, 31, 31, 31, 31, 31, 31, 31, 31, 31, 31, 31, 31, 31, 31, 31, 31, 31, 31, 31, 31, 31, 31, 31, 31, 31, 31, 31, 31, 31, 31, 31, 31, 31, 31, 31, 31, 31, 31, 31, 31, 31, 31, 31, 31, 31, 31, 31, 31, 31, 31, 31, 31, 31, 31, 31, 31, 31, 31, 31, 31, 31, 31, 31, 31, 31]
Levels: [31, 31, 31, 31, 31, 31, 31, 31, 31, 31, 31, 31, 31, 31, 31, 31, 31, 31, 31, 31, 31, 31, 31, 31, 31, 31, 31, 31, 31, 31, 31, 31, 31, 31, 31, 31, 31, 31, 31, 31, 31, 31, 31, 31, 31, 31, 31, 31, 31, 31, 31, 31, 31, 31, 31, 31, 31, 31, 31, 31, 31, 31, 31, 31, 31, 31, 31, 31, 31, 31, 31, 31, 31, 31, 31, 31, 31, 31, 31, 31, 31, 31, 31, 31, 31, 31, 31, 31, 31, 31, 31, 31, 31, 31, 31, 31]
Progress(31) at 2020-05-05 21:25:52: 1,374,450,272 states generated (698,235,586 s/min), 193,004,937 distinct states found (91,294,844 ds/min), 7,538,000,000 states left on queue.
Levels: [31, 31, 31, 31, 31, 31, 31, 31, 31, 31, 31, 31, 31, 31, 31, 31, 31, 31, 31, 31, 31, 31, 31, 31, 31, 31, 31, 31, 31, 31, 31, 31, 31, 31, 31, 31, 31, 31, 31, 31, 31, 31, 31, 31, 31, 31, 31, 31, 31, 31, 31, 31, 31, 31, 31, 31, 31, 31, 31, 31, 31, 31, 31, 31, 31, 31, 31, 31, 31, 31, 31, 31, 31, 31, 31, 31, 31, 31, 31, 31, 31, 31, 31, 31, 31, 31, 31, 31, 31, 31, 31, 31, 31, 31, 31, 31]
Levels: [32, 32, 32, 32, 32, 32, 32, 32, 32, 32, 32, 32, 32, 32, 32, 32, 32, 32, 32, 32, 32, 32, 32, 32, 32, 32, 32, 32, 32, 32, 32, 32, 32, 32, 32, 32, 32, 32, 32, 32, 32, 32, 32, 32, 32, 32, 32, 32, 32, 32, 32, 32, 32, 32, 32, 32, 32, 32, 32, 32, 32, 32, 32, 32, 32, 32, 32, 32, 32, 32, 32, 32, 32, 32, 32, 32, 32, 32, 32, 32, 32, 32, 32, 32, 32, 32, 32, 32, 32, 32, 32, 32, 32, 32, 32, 32]
Levels: [32, 32, 32, 32, 32, 32, 32, 32, 32, 32, 32, 32, 32, 32, 32, 32, 32, 32, 32, 32, 32, 32, 32, 32, 32, 32, 32, 32, 32, 32, 32, 32, 32, 32, 32, 32, 32, 32, 32, 32, 32, 32, 32, 32, 32, 32, 32, 32, 32, 32, 32, 32, 32, 32, 32, 32, 32, 32, 32, 32, 32, 32, 32, 32, 32, 32, 32, 32, 32, 32, 32, 32, 32, 32, 32, 32, 32, 32, 32, 32, 32, 32, 32, 32, 32, 32, 32, 32, 32, 32, 32, 32, 32, 32, 32, 32]
Progress(32) at 2020-05-05 21:26:52: 2,075,026,554 states generated (700,576,282 s/min), 284,281,027 distinct states found (91,276,090 ds/min), 10,179,000,000 states left on queue.
Levels: [32, 32, 32, 32, 32, 32, 32, 32, 32, 32, 32, 32, 32, 32, 32, 32, 32, 32, 32, 32, 32, 32, 32, 32, 32, 32, 32, 32, 32, 32, 32, 32, 32, 32, 32, 32, 32, 32, 32, 32, 32, 32, 32, 32, 32, 32, 32, 32, 32, 32, 32, 32, 32, 32, 32, 32, 32, 32, 32, 32, 32, 32, 32, 32, 32, 32, 32, 32, 32, 32, 32, 32, 32, 32, 32, 32, 32, 32, 32, 32, 32, 32, 32, 32, 32, 32, 32, 32, 32, 32, 32, 32, 32, 32, 32, 32]
Levels: [33, 33, 33, 33, 33, 33, 33, 33, 33, 33, 33, 33, 33, 33, 33, 33, 33, 33, 33, 33, 33, 33, 33, 33, 33, 33, 33, 33, 33, 33, 33, 33, 33, 33, 33, 33, 33, 33, 33, 33, 33, 33, 33, 33, 33, 33, 33, 33, 33, 33, 33, 33, 33, 33, 33, 33, 33, 33, 33, 33, 33, 33, 33, 33, 33, 33, 33, 33, 33, 33, 33, 33, 33, 33, 33, 33, 33, 33, 33, 33, 33, 33, 33, 33, 33, 33, 33, 33, 33, 33, 33, 33, 33, 33, 33, 33]
Levels: [33, 33, 33, 33, 33, 33, 33, 33, 33, 33, 33, 33, 33, 33, 33, 33, 33, 33, 33, 33, 33, 33, 33, 33, 33, 33, 33, 33, 33, 33, 33, 33, 33, 33, 33, 33, 33, 33, 33, 33, 33, 33, 33, 33, 33, 33, 33, 33, 33, 33, 33, 33, 33, 33, 33, 33, 33, 33, 33, 33, 33, 33, 33, 33, 33, 33, 33, 33, 33, 33, 33, 33, 33, 33, 33, 33, 33, 33, 33, 33, 33, 33, 33, 33, 33, 33, 33, 33, 33, 33, 33, 33, 33, 33, 33, 33]
Progress(33) at 2020-05-05 21:27:52: 2,728,315,639 states generated (653,289,085 s/min), 374,604,129 distinct states found (90,323,102 ds/min), 12,623,000,000 states left on queue.
Levels: [33, 33, 33, 33, 33, 33, 33, 33, 33, 33, 33, 33, 33, 33, 33, 33, 33, 33, 33, 33, 33, 33, 33, 33, 33, 33, 33, 33, 33, 33, 33, 33, 33, 33, 33, 33, 33, 33, 33, 33, 33, 33, 33, 33, 33, 33, 33, 33, 33, 33, 33, 33, 33, 33, 33, 33, 33, 33, 33, 33, 33, 33, 33, 33, 33, 33, 33, 33, 33, 33, 33, 33, 33, 33, 33, 33, 33, 33, 33, 33, 33, 33, 33, 33, 33, 33, 33, 33, 33, 33, 33, 33, 33, 33, 33, 33]
Model checking completed. No error has been found.
  Estimates of the probability that TLC did not check all reachable states
  because two distinct states had the same fingerprint:
  calculated (optimistic):  val = .071
3315065955 states generated, 455509076 distinct states found, 55694000000 states left on queue.
Levels: [34, 34, 34, 33, 34, 34, 34, 34, 34, 33, 34, 33, 33, 34, 33, 33, 33, 33, 34, 33, 33, 34, 34, 33, 34, 34, 34, 33, 34, 34, 34, 34, 34, 34, 33, 34, 34, 33, 34, 33, 33, 34, 34, 34, 34, 34, 34, 34, 33, 34, 34, 34, 34, 33, 33, 34, 34, 34, 34, 34, 34, 34, 33, 34, 34, 34, 34, 33, 34, 34, 34, 34, 34, 33, 34, 33, 34, 34, 34, 34, 34, 34, 33, 33, 34, 34, 34, 34, 33, 33, 34, 34, 34, 34, 34, 33]
The depth of the complete state graph search is 34.
The average outdegree of the complete state graph is 1 (minimum is 0, the maximum 31 and the 95th percentile is 5).
Finished in 304052ms at (2020-05-05 21:28:49)
