Started recording 1. No limit specified, using maxsize=250MB as default.

Use jcmd 14868 JFR.dump name=1 to copy recording data to file.
TLC2 Version 2.15 of Day Month 20?? (rev: 89d72ba)
Running breadth-first search Model-Checking with fp 126 and seed -1590019025553214892 with 96 workers on 128 cores with 27305MB heap and 65536MB offheap memory [pid: 14868] (Linux 5.3.0-1020-azure amd64, Azul Systems, Inc. 14.0.1 x86_64, OffHeapDiskFPSet, DiskStateQueue).
Parsing file /mnt/markus/tlc-scalability/2020-05-05_m128/MC.tla
Parsing file /mnt/markus/tlc-scalability/2020-05-05_m128/Bakery.tla
Parsing file /tmp/TLC.tla
Parsing file /tmp/Naturals.tla
Parsing file /tmp/Sequences.tla
Parsing file /tmp/FiniteSets.tla
Semantic processing of module Naturals
Semantic processing of module Sequences
Semantic processing of module FiniteSets
Semantic processing of module TLC
Semantic processing of module Bakery
Semantic processing of module MC
Starting... (2020-05-05 16:12:32)
Loaded PageQueue (MemLimit=407, PageSize=2337)

Computing initial states...
Finished computing initial states: 1 distinct state generated at 2020-05-05 16:12:35.
Levels: [20, 19, 20, 20, 22, 21, 19, 21, 20, 20, 20, 21, 20, 21, 21, 21, 22, 21, 20, 21, 21, 20, 21, 21, 20, 20, 20, 20, 20, 20, 20, 21, 21, 20, 20, 21, 21, 21, 21, 19, 20, 21, 22, 20, 20, 20, 21, 21, 20, 22, 21, 21, 20, 22, 21, 22, 21, 20, 21, 22, 21, 21, 21, 21, 21, 21, 21, 20, 20, 20, 21, 20, 21, 20, 20, 20, 21, 19, 20, 22, 21, 21, 20, 21, 19, 22, 20, 21, 21, 20, 20, 21, 20, 20, 21, 20]
Levels: [20, 19, 20, 20, 22, 21, 19, 21, 20, 21, 20, 21, 20, 21, 21, 21, 22, 21, 20, 21, 21, 20, 21, 21, 20, 20, 20, 20, 20, 20, 20, 21, 21, 20, 20, 21, 21, 21, 21, 19, 20, 21, 22, 20, 20, 20, 21, 21, 20, 22, 21, 21, 20, 22, 21, 22, 21, 20, 21, 22, 21, 21, 21, 21, 21, 21, 21, 20, 20, 20, 21, 20, 21, 20, 20, 20, 21, 19, 20, 22, 21, 21, 20, 21, 19, 22, 20, 21, 21, 20, 20, 21, 20, 20, 21, 20]
Progress(22) at 2020-05-05 16:12:38: 8,079,835 states generated (8,079,835 s/min), 1,764,351 distinct states found (1,764,351 ds/min), 3,470,000 states left on queue.
Levels: [20, 19, 20, 20, 22, 21, 19, 21, 20, 21, 20, 21, 20, 21, 21, 21, 22, 21, 20, 21, 21, 20, 21, 21, 20, 20, 20, 20, 20, 20, 20, 21, 21, 20, 20, 21, 21, 21, 21, 19, 20, 21, 22, 20, 20, 20, 21, 21, 20, 22, 21, 21, 20, 22, 21, 22, 21, 20, 21, 22, 21, 21, 21, 21, 21, 21, 21, 20, 20, 20, 21, 20, 21, 20, 20, 20, 21, 19, 20, 22, 21, 21, 20, 21, 19, 22, 20, 21, 21, 20, 20, 21, 20, 20, 21, 20]
Levels: [29, 30, 29, 29, 29, 29, 30, 29, 30, 29, 29, 29, 30, 30, 29, 30, 30, 29, 30, 30, 30, 30, 30, 30, 29, 30, 29, 29, 29, 30, 29, 30, 29, 29, 30, 30, 30, 29, 30, 30, 30, 30, 30, 29, 29, 30, 29, 29, 30, 29, 29, 29, 30, 30, 30, 29, 29, 30, 30, 29, 29, 30, 30, 29, 29, 30, 29, 29, 29, 30, 30, 30, 29, 29, 30, 29, 29, 29, 29, 29, 29, 29, 29, 30, 29, 29, 30, 30, 29, 29, 29, 30, 30, 30, 29, 30]
Levels: [29, 30, 29, 29, 29, 29, 30, 29, 30, 29, 29, 29, 30, 30, 29, 30, 30, 29, 30, 30, 30, 30, 30, 30, 29, 30, 29, 29, 29, 30, 29, 30, 29, 29, 30, 30, 30, 29, 30, 30, 30, 30, 30, 29, 29, 30, 29, 29, 30, 29, 29, 29, 30, 30, 30, 29, 29, 30, 30, 29, 29, 30, 30, 29, 29, 30, 29, 29, 29, 30, 30, 30, 29, 29, 30, 29, 29, 29, 29, 29, 29, 29, 29, 30, 29, 29, 30, 30, 29, 29, 29, 30, 30, 30, 29, 30]
Progress(30) at 2020-05-05 16:13:38: 756,229,996 states generated (748,150,161 s/min), 111,806,075 distinct states found (110,041,724 ds/min), 16,888,000,000 states left on queue.
Levels: [29, 30, 29, 29, 29, 29, 30, 29, 30, 29, 29, 29, 30, 30, 29, 30, 30, 29, 30, 30, 30, 30, 30, 30, 29, 30, 29, 29, 29, 30, 29, 30, 29, 29, 30, 30, 30, 29, 30, 30, 30, 30, 30, 29, 29, 30, 29, 29, 30, 29, 29, 29, 30, 30, 30, 29, 29, 30, 30, 29, 29, 30, 30, 29, 29, 30, 29, 29, 29, 30, 30, 30, 29, 29, 30, 29, 29, 29, 29, 29, 29, 29, 29, 30, 29, 29, 30, 30, 29, 29, 29, 30, 30, 30, 29, 30]
Levels: [31, 31, 31, 31, 31, 31, 31, 31, 31, 31, 31, 32, 31, 31, 31, 31, 31, 31, 31, 31, 31, 31, 31, 31, 32, 31, 31, 31, 31, 31, 32, 31, 31, 31, 31, 31, 31, 32, 31, 31, 31, 31, 31, 31, 31, 31, 31, 31, 31, 31, 31, 31, 31, 31, 31, 31, 31, 31, 31, 32, 31, 31, 31, 31, 31, 31, 31, 31, 31, 31, 31, 31, 31, 31, 31, 31, 31, 31, 31, 31, 31, 31, 31, 32, 31, 31, 31, 31, 31, 31, 31, 31, 31, 32, 31, 31]
Levels: [31, 31, 31, 31, 31, 31, 31, 31, 31, 31, 31, 32, 31, 31, 31, 31, 31, 31, 31, 31, 31, 31, 31, 31, 32, 31, 31, 31, 31, 31, 32, 31, 31, 31, 31, 31, 31, 32, 31, 31, 31, 31, 31, 31, 31, 31, 31, 31, 31, 31, 31, 31, 31, 31, 31, 31, 31, 31, 31, 32, 31, 31, 31, 31, 31, 31, 31, 31, 31, 31, 31, 31, 31, 31, 31, 31, 31, 31, 31, 31, 31, 31, 31, 32, 31, 31, 31, 31, 31, 31, 31, 31, 31, 32, 31, 31]
Progress(32) at 2020-05-05 16:14:38: 1,506,934,209 states generated (750,704,213 s/min), 210,805,403 distinct states found (98,999,328 ds/min), 27,396,000,000 states left on queue.
Levels: [31, 31, 31, 31, 31, 31, 31, 31, 31, 31, 31, 32, 31, 31, 31, 31, 31, 31, 31, 31, 31, 31, 31, 31, 32, 31, 31, 31, 31, 31, 32, 31, 31, 31, 31, 31, 31, 32, 31, 31, 31, 31, 31, 31, 31, 31, 31, 31, 31, 31, 31, 31, 31, 31, 31, 31, 31, 31, 31, 32, 31, 31, 31, 31, 31, 31, 31, 31, 31, 31, 31, 31, 31, 31, 31, 31, 31, 31, 31, 31, 31, 31, 31, 32, 31, 31, 31, 31, 31, 31, 31, 31, 31, 32, 31, 31]
Levels: [33, 33, 33, 33, 33, 33, 33, 33, 33, 33, 33, 33, 33, 32, 33, 33, 33, 33, 33, 33, 33, 33, 33, 33, 33, 33, 33, 33, 33, 33, 33, 33, 33, 33, 33, 33, 33, 33, 33, 33, 33, 33, 33, 33, 33, 33, 33, 33, 32, 33, 33, 33, 33, 33, 33, 33, 33, 33, 33, 33, 33, 33, 33, 33, 33, 33, 33, 33, 33, 33, 32, 33, 33, 33, 33, 33, 33, 33, 33, 33, 33, 33, 33, 33, 33, 33, 33, 33, 33, 33, 33, 33, 32, 33, 33, 33]
Levels: [33, 33, 33, 33, 33, 33, 33, 33, 33, 33, 33, 33, 33, 32, 33, 33, 33, 33, 33, 33, 33, 33, 33, 33, 33, 33, 33, 33, 33, 33, 33, 33, 33, 33, 33, 33, 33, 33, 33, 33, 33, 33, 33, 33, 33, 33, 33, 33, 32, 33, 33, 33, 33, 33, 33, 33, 33, 33, 33, 33, 33, 33, 33, 33, 33, 33, 33, 33, 33, 33, 32, 33, 33, 33, 33, 33, 33, 33, 33, 33, 33, 33, 33, 33, 33, 33, 33, 33, 33, 33, 33, 33, 32, 33, 33, 33]
Progress(33) at 2020-05-05 16:15:38: 2,232,622,593 states generated (725,688,384 s/min), 311,290,796 distinct states found (100,485,393 ds/min), 37,826,000,000 states left on queue.
Levels: [33, 33, 33, 33, 33, 33, 33, 33, 33, 33, 33, 33, 33, 32, 33, 33, 33, 33, 33, 33, 33, 33, 33, 33, 33, 33, 33, 33, 33, 33, 33, 33, 33, 33, 33, 33, 33, 33, 33, 33, 33, 33, 33, 33, 33, 33, 33, 33, 32, 33, 33, 33, 33, 33, 33, 33, 33, 33, 33, 33, 33, 33, 33, 33, 33, 33, 33, 33, 33, 33, 32, 33, 33, 33, 33, 33, 33, 33, 33, 33, 33, 33, 33, 33, 33, 33, 33, 33, 33, 33, 33, 33, 32, 33, 33, 33]
Levels: [34, 34, 33, 34, 33, 33, 34, 34, 34, 33, 34, 34, 34, 34, 34, 34, 34, 34, 33, 34, 33, 34, 34, 34, 34, 34, 34, 34, 34, 34, 33, 34, 34, 34, 34, 34, 34, 34, 34, 34, 34, 34, 34, 34, 33, 34, 34, 34, 34, 34, 34, 34, 34, 33, 34, 34, 34, 34, 34, 34, 34, 33, 34, 34, 34, 34, 34, 34, 33, 34, 34, 33, 34, 34, 34, 34, 34, 34, 34, 34, 34, 34, 34, 34, 34, 34, 34, 34, 34, 33, 33, 34, 34, 34, 34, 34]
Levels: [34, 34, 33, 34, 33, 33, 34, 34, 34, 33, 34, 34, 34, 34, 34, 34, 34, 34, 33, 34, 33, 34, 34, 34, 34, 34, 34, 34, 34, 34, 33, 34, 34, 34, 34, 34, 34, 34, 34, 34, 34, 34, 34, 34, 33, 34, 34, 34, 34, 34, 34, 34, 34, 33, 34, 34, 34, 34, 34, 34, 34, 33, 34, 34, 34, 34, 34, 34, 33, 34, 34, 33, 34, 34, 34, 34, 34, 34, 34, 34, 34, 34, 34, 34, 34, 34, 34, 34, 34, 33, 33, 34, 34, 34, 34, 34]
Progress(34) at 2020-05-05 16:16:38: 2,966,513,348 states generated (733,890,755 s/min), 410,846,671 distinct states found (99,555,875 ds/min), 46,851,000,000 states left on queue.
Levels: [34, 34, 33, 34, 33, 33, 34, 34, 34, 33, 34, 34, 34, 34, 34, 34, 34, 34, 33, 34, 33, 34, 34, 34, 34, 34, 34, 34, 34, 34, 33, 34, 34, 34, 34, 34, 34, 34, 34, 34, 34, 34, 34, 34, 33, 34, 34, 34, 34, 34, 34, 34, 34, 33, 34, 34, 34, 34, 34, 34, 34, 33, 34, 34, 34, 34, 34, 34, 33, 34, 34, 33, 34, 34, 34, 34, 34, 34, 34, 34, 34, 34, 34, 34, 34, 34, 34, 34, 34, 33, 33, 34, 34, 34, 34, 34]
Model checking completed. No error has been found.
  Estimates of the probability that TLC did not check all reachable states
  because two distinct states had the same fingerprint:
  calculated (optimistic):  val = .085
3638055640 states generated, 501898683 distinct states found, 214858000000 states left on queue.
Levels: [34, 34, 34, 34, 34, 34, 34, 34, 34, 34, 34, 34, 34, 34, 34, 34, 34, 34, 34, 34, 34, 34, 34, 34, 34, 34, 34, 34, 34, 34, 34, 34, 34, 34, 34, 34, 34, 34, 34, 34, 34, 34, 34, 34, 34, 34, 34, 34, 34, 34, 34, 34, 34, 34, 34, 34, 34, 34, 34, 34, 34, 34, 34, 34, 34, 34, 34, 34, 34, 34, 34, 34, 34, 34, 34, 34, 34, 34, 34, 34, 34, 34, 34, 34, 34, 34, 34, 34, 34, 34, 34, 34, 34, 34, 34, 34]
The depth of the complete state graph search is 34.
The average outdegree of the complete state graph is 1 (minimum is 0, the maximum 31 and the 95th percentile is 5).
Finished in 05min 05s at (2020-05-05 16:17:37)
