Started recording 1. No limit specified, using maxsize=250MB as default.

Use jcmd 31071 JFR.dump name=1 to copy recording data to file.
TLC2 Version 2.15 of Day Month 20?? (rev: 89d72ba)
Running breadth-first search Model-Checking with fp 124 and seed 2990919942108514722 with 104 workers on 128 cores with 27305MB heap and 65536MB offheap memory [pid: 31071] (Linux 5.3.0-1020-azure amd64, Azul Systems, Inc. 14.0.1 x86_64, OffHeapDiskFPSet, DiskStateQueue).
Parsing file /mnt/markus/tlc-scalability/2020-05-05_m128/MC.tla
Parsing file /mnt/markus/tlc-scalability/2020-05-05_m128/Bakery.tla
Parsing file /tmp/TLC.tla
Parsing file /tmp/Naturals.tla
Parsing file /tmp/Sequences.tla
Parsing file /tmp/FiniteSets.tla
Semantic processing of module Naturals
Semantic processing of module Sequences
Semantic processing of module FiniteSets
Semantic processing of module TLC
Semantic processing of module Bakery
Semantic processing of module MC
Starting... (2020-05-05 18:13:13)
Loaded PageQueue (MemLimit=512, PageSize=4096)

Computing initial states...
Finished computing initial states: 1 distinct state generated at 2020-05-05 18:13:16.
Levels: [23, 22, 21, 22, 21, 21, 21, 20, 21, 20, 22, 21, 22, 21, 21, 20, 21, 22, 21, 22, 21, 21, 21, 22, 21, 22, 21, 20, 21, 23, 21, 20, 21, 23, 20, 20, 21, 20, 23, 21, 20, 20, 22, 21, 21, 24, 23, 25, 20, 20, 22, 23, 21, 21, 22, 23, 21, 20, 21, 21, 21, 22, 21, 20, 21, 20, 24, 21, 22, 22, 23, 21, 22, 20, 20, 21, 23, 22, 20, 22, 22, 20, 21, 22, 20, 22, 21, 20, 21, 21, 21, 20, 21, 22, 21, 20, 21, 21, 21, 20, 20, 21, 21, 20]
Levels: [23, 22, 21, 22, 21, 21, 21, 20, 21, 20, 22, 21, 22, 21, 21, 20, 21, 22, 21, 22, 21, 21, 21, 22, 21, 22, 21, 20, 21, 23, 21, 20, 21, 23, 20, 20, 21, 20, 23, 21, 20, 20, 22, 21, 21, 24, 23, 25, 20, 20, 22, 23, 21, 21, 22, 23, 21, 20, 21, 25, 21, 22, 21, 20, 21, 20, 24, 21, 22, 22, 23, 21, 22, 20, 20, 21, 23, 22, 20, 22, 22, 20, 22, 22, 20, 22, 21, 20, 21, 21, 21, 20, 21, 22, 21, 20, 21, 21, 21, 20, 20, 21, 21, 20]
Progress(25) at 2020-05-05 18:13:19: 12,558,897 states generated (12,558,897 s/min), 2,619,084 distinct states found (2,619,084 ds/min), 3,060,000 states left on queue.
Levels: [23, 22, 21, 22, 21, 21, 21, 20, 21, 20, 22, 21, 22, 21, 21, 20, 21, 22, 21, 22, 21, 21, 21, 22, 21, 22, 21, 20, 21, 23, 21, 20, 21, 23, 20, 20, 21, 20, 23, 21, 20, 20, 22, 21, 21, 24, 23, 25, 20, 20, 22, 23, 21, 21, 22, 23, 21, 20, 21, 25, 21, 22, 21, 20, 21, 20, 24, 21, 22, 22, 23, 21, 22, 20, 20, 21, 23, 22, 20, 22, 22, 20, 22, 22, 20, 22, 21, 20, 21, 21, 21, 20, 21, 22, 21, 20, 21, 21, 21, 20, 20, 21, 21, 20]
Levels: [30, 30, 30, 30, 30, 31, 30, 30, 32, 30, 30, 30, 31, 30, 30, 31, 30, 31, 30, 30, 30, 30, 30, 30, 29, 30, 30, 30, 30, 30, 31, 30, 31, 30, 30, 30, 30, 30, 30, 30, 30, 32, 30, 30, 30, 30, 30, 30, 30, 30, 30, 31, 30, 30, 30, 30, 30, 31, 30, 30, 30, 30, 30, 30, 30, 31, 32, 30, 30, 30, 30, 30, 30, 31, 30, 30, 30, 30, 30, 30, 30, 30, 30, 31, 32, 30, 30, 31, 30, 30, 31, 31, 30, 30, 30, 30, 30, 30, 30, 30, 30, 30, 30, 30]
Levels: [30, 30, 30, 30, 30, 31, 30, 30, 32, 30, 30, 30, 31, 30, 30, 31, 30, 31, 30, 30, 30, 30, 30, 30, 29, 30, 30, 30, 30, 30, 31, 30, 31, 30, 30, 30, 30, 30, 30, 30, 30, 32, 30, 30, 30, 30, 30, 30, 30, 30, 30, 31, 30, 30, 30, 30, 30, 31, 30, 30, 30, 30, 30, 30, 30, 31, 32, 30, 30, 30, 30, 30, 30, 31, 30, 30, 30, 30, 30, 30, 30, 30, 30, 31, 32, 30, 30, 31, 30, 30, 31, 31, 30, 30, 30, 30, 30, 30, 30, 30, 30, 30, 30, 30]
Progress(32) at 2020-05-05 18:14:19: 714,204,086 states generated (701,645,189 s/min), 108,599,188 distinct states found (105,980,104 ds/min), 9,413,000,000 states left on queue.
Levels: [30, 30, 30, 30, 30, 31, 30, 30, 32, 30, 30, 30, 31, 30, 30, 31, 30, 31, 30, 30, 30, 30, 30, 30, 29, 30, 30, 30, 30, 30, 31, 30, 31, 30, 30, 30, 30, 30, 30, 30, 30, 32, 30, 30, 30, 30, 30, 30, 30, 30, 30, 31, 30, 30, 30, 30, 30, 31, 30, 30, 30, 30, 30, 30, 30, 31, 32, 30, 30, 30, 30, 30, 30, 31, 30, 30, 30, 30, 30, 30, 30, 30, 30, 31, 32, 30, 30, 31, 30, 30, 31, 31, 30, 30, 30, 30, 30, 30, 30, 30, 30, 30, 30, 30]
Levels: [32, 32, 32, 32, 32, 32, 32, 32, 32, 32, 32, 32, 32, 32, 32, 32, 32, 32, 32, 32, 32, 32, 33, 32, 32, 32, 32, 32, 32, 32, 32, 32, 32, 32, 32, 32, 32, 32, 32, 32, 32, 32, 32, 34, 32, 32, 32, 32, 32, 34, 32, 32, 32, 32, 33, 32, 32, 32, 32, 32, 32, 32, 32, 32, 32, 32, 32, 32, 32, 32, 32, 32, 32, 32, 32, 32, 32, 33, 32, 32, 32, 31, 32, 32, 32, 32, 32, 32, 32, 32, 32, 32, 32, 32, 32, 32, 32, 32, 32, 32, 32, 32, 32, 32]
Levels: [32, 32, 32, 32, 32, 32, 32, 32, 32, 32, 32, 32, 32, 32, 32, 32, 32, 32, 32, 32, 32, 32, 33, 32, 32, 32, 32, 32, 32, 32, 32, 32, 32, 32, 32, 32, 32, 32, 32, 32, 32, 32, 32, 34, 32, 32, 32, 32, 32, 34, 32, 32, 32, 32, 33, 32, 32, 32, 32, 32, 32, 32, 32, 32, 32, 32, 32, 32, 32, 32, 32, 32, 32, 32, 32, 32, 32, 33, 32, 32, 32, 31, 32, 32, 32, 32, 32, 32, 32, 32, 32, 32, 32, 32, 32, 32, 32, 32, 32, 32, 32, 32, 32, 32]
Progress(34) at 2020-05-05 18:15:19: 1,428,949,855 states generated (714,745,769 s/min), 205,382,475 distinct states found (96,783,287 ds/min), 15,644,000,000 states left on queue.
Levels: [32, 32, 32, 32, 32, 32, 32, 32, 32, 32, 32, 32, 32, 32, 32, 32, 32, 32, 32, 32, 32, 32, 33, 32, 32, 32, 32, 32, 32, 32, 32, 32, 32, 32, 32, 32, 32, 32, 32, 32, 32, 32, 32, 34, 32, 32, 32, 32, 32, 34, 32, 32, 32, 32, 33, 32, 32, 32, 32, 32, 32, 32, 32, 32, 32, 32, 32, 32, 32, 32, 32, 32, 32, 32, 32, 32, 32, 33, 32, 32, 32, 31, 32, 32, 32, 32, 32, 32, 32, 32, 32, 32, 32, 32, 32, 32, 32, 32, 32, 32, 32, 32, 32, 32]
Levels: [33, 33, 33, 33, 33, 33, 33, 33, 33, 34, 33, 33, 33, 33, 33, 33, 33, 33, 33, 33, 33, 33, 33, 33, 33, 33, 33, 33, 33, 33, 33, 33, 33, 33, 33, 33, 33, 33, 33, 33, 33, 33, 33, 34, 33, 33, 33, 33, 33, 34, 33, 33, 33, 33, 33, 33, 33, 33, 33, 33, 33, 33, 33, 33, 33, 33, 33, 33, 33, 33, 33, 33, 33, 33, 33, 33, 33, 33, 33, 33, 33, 33, 33, 33, 33, 33, 33, 33, 33, 33, 33, 33, 33, 33, 33, 33, 33, 33, 33, 33, 33, 33, 33, 33]
Levels: [33, 33, 33, 33, 33, 33, 33, 33, 33, 34, 33, 33, 33, 33, 33, 33, 33, 33, 33, 33, 33, 33, 33, 33, 33, 33, 33, 33, 33, 33, 33, 33, 33, 33, 33, 33, 33, 33, 33, 33, 33, 33, 33, 34, 33, 33, 33, 33, 33, 34, 33, 33, 33, 33, 33, 33, 33, 33, 33, 33, 33, 33, 33, 33, 33, 33, 33, 33, 33, 33, 33, 33, 33, 33, 33, 33, 33, 33, 33, 33, 33, 33, 33, 33, 33, 33, 33, 33, 33, 33, 33, 33, 33, 33, 33, 33, 33, 33, 33, 33, 33, 33, 33, 33]
Progress(34) at 2020-05-05 18:16:19: 2,118,745,632 states generated (689,795,777 s/min), 300,232,258 distinct states found (94,849,783 ds/min), 20,960,000,000 states left on queue.
Levels: [33, 33, 33, 33, 33, 33, 33, 33, 33, 34, 33, 33, 33, 33, 33, 33, 33, 33, 33, 33, 33, 33, 33, 33, 33, 33, 33, 33, 33, 33, 33, 33, 33, 33, 33, 33, 33, 33, 33, 33, 33, 33, 33, 34, 33, 33, 33, 33, 33, 34, 33, 33, 33, 33, 33, 33, 33, 33, 33, 33, 33, 33, 33, 33, 33, 33, 33, 33, 33, 33, 33, 33, 33, 33, 33, 33, 33, 33, 33, 33, 33, 33, 33, 33, 33, 33, 33, 33, 33, 33, 33, 33, 33, 33, 33, 33, 33, 33, 33, 33, 33, 33, 33, 33]
Levels: [34, 34, 34, 34, 34, 34, 34, 34, 34, 34, 34, 34, 34, 34, 34, 34, 34, 34, 34, 34, 34, 34, 34, 34, 34, 34, 34, 34, 34, 34, 34, 34, 34, 34, 34, 34, 34, 34, 34, 34, 34, 34, 34, 34, 34, 34, 34, 34, 34, 34, 34, 34, 34, 34, 34, 34, 34, 34, 34, 34, 34, 34, 34, 34, 34, 34, 34, 34, 34, 34, 34, 34, 34, 34, 34, 34, 34, 34, 34, 34, 34, 34, 34, 34, 34, 34, 34, 34, 34, 34, 34, 34, 34, 34, 34, 34, 34, 34, 34, 34, 34, 34, 34, 34]
Levels: [34, 34, 34, 34, 34, 34, 34, 34, 34, 34, 34, 34, 34, 34, 34, 34, 34, 34, 34, 34, 34, 34, 34, 34, 34, 34, 34, 34, 34, 34, 34, 34, 34, 34, 34, 34, 34, 34, 34, 34, 34, 34, 34, 34, 34, 34, 34, 34, 34, 34, 34, 34, 34, 34, 34, 34, 34, 34, 34, 34, 34, 34, 34, 34, 34, 34, 34, 34, 34, 34, 34, 34, 34, 34, 34, 34, 34, 34, 34, 34, 34, 34, 34, 34, 34, 34, 34, 34, 34, 34, 34, 34, 34, 34, 34, 34, 34, 34, 34, 34, 34, 34, 34, 34]
Progress(34) at 2020-05-05 18:17:19: 2,812,473,838 states generated (693,728,206 s/min), 397,038,216 distinct states found (96,805,958 ds/min), 26,286,000,000 states left on queue.
Levels: [34, 34, 34, 34, 34, 34, 34, 34, 34, 34, 34, 34, 34, 34, 34, 34, 34, 34, 34, 34, 34, 34, 34, 34, 34, 34, 34, 34, 34, 34, 34, 34, 34, 34, 34, 34, 34, 34, 34, 34, 34, 34, 34, 34, 34, 34, 34, 34, 34, 34, 34, 34, 34, 34, 34, 34, 34, 34, 34, 34, 34, 34, 34, 34, 34, 34, 34, 34, 34, 34, 34, 34, 34, 34, 34, 34, 34, 34, 34, 34, 34, 34, 34, 34, 34, 34, 34, 34, 34, 34, 34, 34, 34, 34, 34, 34, 34, 34, 34, 34, 34, 34, 34, 34]
Model checking completed. No error has been found.
  Estimates of the probability that TLC did not check all reachable states
  because two distinct states had the same fingerprint:
  calculated (optimistic):  val = .078
3439084822 states generated, 484451438 distinct states found, 118374000000 states left on queue.
Levels: [35, 35, 35, 35, 35, 35, 35, 35, 35, 35, 35, 35, 35, 35, 35, 35, 35, 35, 35, 35, 35, 35, 35, 35, 35, 35, 35, 35, 34, 35, 35, 35, 35, 35, 35, 35, 35, 35, 35, 35, 35, 35, 35, 35, 35, 35, 35, 35, 35, 35, 35, 35, 35, 35, 35, 35, 35, 35, 35, 35, 35, 35, 35, 35, 35, 35, 35, 35, 35, 35, 35, 35, 35, 35, 35, 35, 35, 35, 35, 35, 35, 35, 35, 35, 35, 35, 35, 35, 35, 35, 35, 35, 35, 35, 35, 35, 35, 35, 35, 35, 35, 35, 35, 35]
The depth of the complete state graph search is 35.
The average outdegree of the complete state graph is 1 (minimum is 0, the maximum 31 and the 95th percentile is 5).
Finished in 304597ms at (2020-05-05 18:18:17)
