Started recording 1. No limit specified, using maxsize=250MB as default.

Use jcmd 12679 JFR.dump name=1 to copy recording data to file.
TLC2 Version 2.15 of Day Month 20?? (rev: 89d72ba)
Running breadth-first search Model-Checking with fp 114 and seed -4968560581407578293 with 72 workers on 128 cores with 27305MB heap and 65536MB offheap memory [pid: 12679] (Linux 5.3.0-1020-azure amd64, Azul Systems, Inc. 14.0.1 x86_64, OffHeapDiskFPSet, DiskStateQueue).
Parsing file /mnt/markus/tlc-scalability/2020-05-05_m128/MC.tla
Parsing file /mnt/markus/tlc-scalability/2020-05-05_m128/Bakery.tla
Parsing file /tmp/TLC.tla
Parsing file /tmp/Naturals.tla
Parsing file /tmp/Sequences.tla
Parsing file /tmp/FiniteSets.tla
Semantic processing of module Naturals
Semantic processing of module Sequences
Semantic processing of module FiniteSets
Semantic processing of module TLC
Semantic processing of module Bakery
Semantic processing of module MC
Starting... (2020-05-05 15:57:11)
Loaded PageQueue (MemLimit=462, PageSize=2220)

Computing initial states...
Finished computing initial states: 1 distinct state generated at 2020-05-05 15:57:13.
Levels: [21, 20, 21, 20, 21, 21, 20, 19, 20, 21, 20, 20, 20, 21, 19, 20, 20, 20, 21, 21, 21, 21, 20, 20, 19, 21, 21, 20, 20, 20, 20, 21, 21, 20, 20, 20, 20, 20, 20, 20, 20, 21, 20, 20, 21, 20, 20, 21, 20, 20, 20, 21, 21, 20, 21, 21, 21, 20, 21, 20, 21, 20, 20, 21, 21, 21, 20, 20, 21, 20, 20, 21]
Levels: [21, 20, 21, 20, 21, 21, 20, 19, 20, 21, 20, 20, 20, 21, 19, 20, 20, 20, 21, 21, 21, 21, 20, 20, 19, 21, 21, 20, 20, 20, 20, 21, 21, 20, 20, 20, 20, 20, 20, 20, 20, 21, 20, 20, 21, 20, 20, 21, 20, 20, 20, 21, 21, 20, 21, 21, 21, 20, 21, 20, 21, 20, 20, 21, 21, 21, 20, 20, 21, 20, 20, 21]
Progress(21) at 2020-05-05 15:57:16: 8,734,895 states generated (8,734,895 s/min), 1,848,201 distinct states found (1,848,201 ds/min), 3,710,000 states left on queue.
Levels: [21, 20, 21, 20, 21, 21, 20, 19, 20, 21, 20, 20, 20, 21, 19, 20, 20, 20, 21, 21, 21, 21, 20, 20, 19, 21, 21, 20, 20, 20, 20, 21, 21, 20, 20, 20, 20, 20, 20, 20, 20, 21, 20, 20, 21, 20, 20, 21, 20, 20, 20, 21, 21, 20, 21, 21, 21, 20, 21, 20, 21, 20, 20, 21, 21, 21, 20, 20, 21, 20, 20, 21]
Levels: [29, 29, 29, 29, 29, 29, 29, 29, 29, 29, 29, 29, 29, 29, 29, 29, 29, 29, 29, 29, 29, 29, 29, 29, 29, 29, 29, 29, 29, 29, 29, 29, 29, 29, 29, 29, 29, 29, 29, 29, 29, 29, 29, 29, 29, 29, 29, 29, 29, 29, 29, 29, 29, 29, 29, 29, 29, 29, 29, 29, 29, 29, 29, 29, 29, 29, 29, 29, 29, 29, 29, 29]
Levels: [29, 29, 29, 29, 29, 29, 29, 29, 29, 29, 29, 29, 29, 29, 29, 29, 29, 29, 29, 29, 29, 29, 29, 29, 29, 29, 29, 29, 29, 29, 29, 29, 29, 29, 29, 29, 29, 29, 29, 29, 29, 29, 29, 29, 29, 29, 29, 29, 29, 29, 29, 29, 29, 29, 29, 29, 29, 29, 29, 29, 29, 29, 29, 29, 29, 29, 29, 29, 29, 29, 29, 29]
Progress(29) at 2020-05-05 15:58:16: 678,913,333 states generated (670,178,438 s/min), 103,723,043 distinct states found (101,874,842 ds/min), 16,595,000,000 states left on queue.
Levels: [29, 29, 29, 29, 29, 29, 29, 29, 29, 29, 29, 29, 29, 29, 29, 29, 29, 29, 29, 29, 29, 29, 29, 29, 29, 29, 29, 29, 29, 29, 29, 29, 29, 29, 29, 29, 29, 29, 29, 29, 29, 29, 29, 29, 29, 29, 29, 29, 29, 29, 29, 29, 29, 29, 29, 29, 29, 29, 29, 29, 29, 29, 29, 29, 29, 29, 29, 29, 29, 29, 29, 29]
Levels: [30, 30, 30, 30, 30, 30, 30, 30, 30, 30, 30, 30, 30, 30, 30, 30, 30, 30, 30, 30, 30, 30, 30, 30, 30, 30, 30, 30, 30, 30, 30, 30, 30, 30, 30, 30, 30, 30, 30, 30, 30, 30, 30, 30, 30, 30, 30, 30, 30, 30, 30, 31, 30, 30, 30, 30, 30, 30, 31, 30, 30, 30, 30, 30, 30, 30, 30, 30, 30, 30, 30, 30]
Levels: [30, 30, 30, 30, 30, 30, 30, 30, 30, 30, 30, 30, 30, 30, 30, 30, 30, 30, 30, 30, 30, 30, 30, 30, 30, 30, 30, 30, 30, 30, 30, 30, 30, 30, 30, 30, 30, 30, 30, 30, 30, 30, 30, 30, 30, 30, 30, 30, 30, 30, 30, 31, 30, 30, 30, 30, 30, 30, 31, 30, 30, 30, 30, 30, 30, 30, 30, 30, 30, 30, 30, 30]
Progress(31) at 2020-05-05 15:59:16: 1,372,723,092 states generated (693,809,759 s/min), 198,250,101 distinct states found (94,527,058 ds/min), 27,795,000,000 states left on queue.
Levels: [30, 30, 30, 30, 30, 30, 30, 30, 30, 30, 30, 30, 30, 30, 30, 30, 30, 30, 30, 30, 30, 30, 30, 30, 30, 30, 30, 30, 30, 30, 30, 30, 30, 30, 30, 30, 30, 30, 30, 30, 30, 30, 30, 30, 30, 30, 30, 30, 30, 30, 30, 31, 30, 30, 30, 30, 30, 30, 31, 30, 30, 30, 30, 30, 30, 30, 30, 30, 30, 30, 30, 30]
Levels: [32, 32, 32, 32, 32, 32, 32, 32, 32, 32, 32, 32, 32, 32, 32, 32, 32, 32, 32, 32, 32, 32, 32, 32, 32, 32, 32, 32, 32, 32, 32, 32, 32, 32, 32, 32, 32, 32, 32, 31, 32, 32, 32, 32, 32, 32, 32, 32, 32, 32, 32, 32, 32, 32, 32, 32, 32, 32, 32, 32, 32, 32, 32, 32, 32, 32, 32, 32, 31, 32, 32, 32]
Levels: [32, 32, 32, 32, 32, 32, 32, 32, 32, 32, 32, 32, 32, 32, 32, 32, 32, 32, 32, 32, 32, 32, 32, 32, 32, 32, 32, 32, 32, 32, 32, 32, 32, 32, 32, 32, 32, 32, 32, 31, 32, 32, 32, 32, 32, 32, 32, 32, 32, 32, 32, 32, 32, 32, 32, 32, 32, 32, 32, 32, 32, 32, 32, 32, 32, 32, 32, 32, 31, 32, 32, 32]
Progress(32) at 2020-05-05 16:00:16: 2,054,092,091 states generated (681,368,999 s/min), 291,645,557 distinct states found (93,395,456 ds/min), 37,641,000,000 states left on queue.
Levels: [32, 32, 32, 32, 32, 32, 32, 32, 32, 32, 32, 32, 32, 32, 32, 32, 32, 32, 32, 32, 32, 32, 32, 32, 32, 32, 32, 32, 32, 32, 32, 32, 32, 32, 32, 32, 32, 32, 32, 31, 32, 32, 32, 32, 32, 32, 32, 32, 32, 32, 32, 32, 32, 32, 32, 32, 32, 32, 32, 32, 32, 32, 32, 32, 32, 32, 32, 32, 31, 32, 32, 32]
Levels: [32, 33, 33, 32, 32, 33, 33, 32, 33, 33, 33, 33, 33, 32, 32, 32, 32, 32, 32, 32, 33, 32, 32, 32, 32, 33, 32, 32, 32, 32, 33, 33, 33, 33, 32, 32, 32, 33, 33, 33, 32, 33, 32, 33, 32, 32, 33, 32, 33, 33, 33, 32, 32, 33, 32, 32, 32, 32, 32, 33, 32, 32, 32, 32, 33, 32, 33, 33, 32, 32, 32, 32]
Levels: [32, 33, 33, 32, 32, 33, 33, 32, 33, 33, 33, 33, 33, 32, 32, 32, 32, 32, 32, 32, 33, 32, 32, 32, 32, 33, 32, 32, 32, 32, 33, 33, 33, 33, 32, 32, 32, 33, 33, 33, 32, 33, 32, 33, 32, 32, 33, 32, 33, 33, 33, 32, 32, 33, 32, 32, 32, 32, 32, 33, 32, 32, 32, 32, 33, 32, 33, 33, 32, 32, 32, 32]
Progress(33) at 2020-05-05 16:01:16: 2,737,588,459 states generated (683,496,368 s/min), 386,554,060 distinct states found (94,908,503 ds/min), 47,271,000,000 states left on queue.
Levels: [32, 33, 33, 32, 32, 33, 33, 32, 33, 33, 33, 33, 33, 32, 32, 32, 32, 32, 32, 32, 33, 32, 32, 32, 32, 33, 32, 32, 32, 32, 33, 33, 33, 33, 32, 32, 32, 33, 33, 33, 32, 33, 32, 33, 32, 32, 33, 32, 33, 33, 33, 32, 32, 33, 32, 32, 32, 32, 32, 33, 32, 32, 32, 32, 33, 32, 33, 33, 32, 32, 32, 32]
Model checking completed. No error has been found.
  Estimates of the probability that TLC did not check all reachable states
  because two distinct states had the same fingerprint:
  calculated (optimistic):  val = .074
3366600068 states generated, 472540845 distinct states found, 212931000000 states left on queue.
Levels: [33, 33, 33, 33, 33, 33, 33, 33, 33, 33, 33, 33, 33, 33, 33, 33, 33, 33, 33, 33, 33, 33, 33, 33, 33, 33, 33, 33, 33, 33, 33, 33, 33, 33, 33, 33, 33, 33, 33, 33, 33, 33, 33, 33, 33, 33, 33, 33, 33, 33, 33, 33, 33, 33, 33, 33, 33, 33, 33, 33, 33, 33, 33, 33, 33, 33, 33, 33, 33, 33, 33, 33]
The depth of the complete state graph search is 33.
The average outdegree of the complete state graph is 1 (minimum is 0, the maximum 31 and the 95th percentile is 5).
Finished in 05min 05s at (2020-05-05 16:02:16)
