Started recording 1. No limit specified, using maxsize=250MB as default.

Use jcmd 18761 JFR.dump name=1 to copy recording data to file.
TLC2 Version 2.15 of Day Month 20?? (rev: 89d72ba)
Running breadth-first search Model-Checking with fp 6 and seed -4844251490669377340 with 112 workers on 128 cores with 27305MB heap and 65536MB offheap memory [pid: 18761] (Linux 5.3.0-1020-azure amd64, Azul Systems, Inc. 14.0.1 x86_64, OffHeapDiskFPSet, DiskStateQueue).
Parsing file /mnt/markus/tlc-scalability/2020-05-05_m128/MC.tla
Parsing file /mnt/markus/tlc-scalability/2020-05-05_m128/Bakery.tla
Parsing file /tmp/TLC.tla
Parsing file /tmp/Naturals.tla
Parsing file /tmp/Sequences.tla
Parsing file /tmp/FiniteSets.tla
Semantic processing of module Naturals
Semantic processing of module Sequences
Semantic processing of module FiniteSets
Semantic processing of module TLC
Semantic processing of module Bakery
Semantic processing of module MC
Starting... (2020-05-05 16:36:22)
Loaded PageQueue (MemLimit=512, PageSize=4096)

Computing initial states...
Finished computing initial states: 1 distinct state generated at 2020-05-05 16:36:25.
Levels: [22, 21, 21, 20, 21, 19, 21, 21, 20, 19, 18, 21, 21, 20, 20, 19, 20, 21, 22, 22, 21, 21, 21, 22, 22, 21, 21, 21, 23, 20, 20, 20, 22, 20, 20, 21, 21, 23, 19, 22, 22, 20, 20, 20, 19, 21, 20, 23, 20, 22, 21, 21, 20, 20, 24, 21, 20, 21, 22, 21, 21, 21, 22, 22, 21, 20, 23, 20, 18, 21, 25, 20, 20, 20, 21, 19, 20, 20, 21, 22, 21, 23, 21, 18, 22, 23, 21, 22, 21, 20, 21, 21, 19, 20, 20, 20, 20, 20, 21, 20, 21, 22, 20, 21, 21, 19, 21, 20, 22, 20, 19, 22]
Levels: [22, 21, 21, 20, 21, 19, 21, 21, 20, 19, 18, 21, 21, 20, 20, 19, 20, 21, 22, 22, 21, 21, 21, 22, 22, 21, 21, 21, 23, 20, 20, 20, 22, 20, 20, 21, 21, 23, 19, 22, 22, 20, 20, 20, 19, 21, 20, 23, 20, 22, 21, 21, 20, 20, 24, 21, 20, 21, 22, 21, 21, 21, 22, 22, 21, 20, 23, 20, 18, 21, 25, 20, 20, 20, 21, 19, 20, 20, 21, 22, 21, 23, 21, 18, 22, 23, 21, 22, 21, 20, 21, 21, 19, 20, 20, 20, 20, 20, 21, 20, 21, 22, 20, 21, 21, 19, 21, 20, 22, 20, 19, 22]
Progress(25) at 2020-05-05 16:36:28: 9,751,793 states generated (9,751,793 s/min), 2,089,934 distinct states found (2,089,934 ds/min), 2,490,000 states left on queue.
Levels: [22, 21, 21, 20, 21, 19, 21, 21, 20, 19, 18, 21, 21, 20, 20, 19, 20, 21, 22, 22, 21, 21, 21, 22, 22, 21, 21, 21, 23, 20, 20, 20, 22, 20, 20, 21, 21, 23, 19, 22, 22, 20, 20, 20, 19, 21, 20, 23, 20, 22, 21, 21, 20, 20, 24, 21, 20, 21, 22, 21, 21, 21, 22, 22, 21, 20, 23, 20, 18, 21, 25, 20, 20, 20, 21, 21, 20, 20, 21, 22, 21, 23, 21, 18, 22, 23, 21, 22, 21, 20, 21, 21, 19, 20, 20, 20, 20, 20, 21, 20, 21, 22, 20, 21, 21, 19, 21, 20, 22, 20, 19, 22]
Levels: [32, 32, 32, 30, 32, 32, 30, 30, 31, 32, 32, 30, 32, 30, 32, 31, 32, 32, 32, 32, 32, 31, 32, 32, 31, 32, 31, 31, 32, 30, 30, 32, 32, 32, 31, 30, 31, 32, 32, 31, 30, 31, 31, 31, 30, 32, 32, 31, 30, 32, 31, 32, 32, 32, 32, 32, 30, 30, 32, 30, 31, 32, 32, 31, 31, 32, 32, 32, 31, 31, 32, 31, 31, 31, 31, 31, 32, 30, 31, 32, 32, 31, 32, 30, 32, 32, 32, 31, 32, 32, 31, 32, 31, 31, 32, 32, 32, 32, 32, 30, 31, 31, 31, 30, 30, 32, 32, 32, 32, 32, 32, 30]
Levels: [32, 32, 32, 30, 32, 32, 30, 30, 31, 32, 32, 30, 32, 30, 32, 31, 32, 32, 32, 32, 32, 31, 32, 32, 31, 32, 31, 31, 32, 30, 30, 32, 32, 32, 31, 30, 31, 32, 32, 31, 30, 31, 31, 31, 30, 32, 32, 31, 30, 32, 31, 32, 32, 32, 32, 32, 30, 30, 32, 30, 31, 32, 32, 31, 31, 32, 32, 32, 31, 31, 32, 31, 31, 31, 31, 31, 32, 30, 31, 32, 32, 31, 32, 30, 32, 32, 32, 31, 32, 32, 31, 32, 31, 31, 32, 32, 32, 32, 32, 30, 31, 31, 31, 30, 30, 32, 32, 32, 32, 32, 32, 30]
Progress(32) at 2020-05-05 16:37:28: 733,716,098 states generated (723,964,305 s/min), 111,555,352 distinct states found (109,465,418 ds/min), 9,629,000,000 states left on queue.
Levels: [32, 32, 32, 30, 32, 32, 30, 30, 31, 32, 32, 30, 32, 30, 32, 31, 32, 32, 32, 32, 32, 31, 32, 32, 31, 32, 31, 31, 32, 30, 30, 32, 32, 32, 31, 30, 31, 32, 32, 31, 30, 31, 31, 31, 30, 32, 32, 31, 30, 32, 31, 32, 32, 32, 32, 32, 30, 30, 32, 30, 31, 32, 32, 31, 31, 32, 32, 32, 31, 31, 32, 31, 31, 31, 31, 31, 32, 30, 31, 32, 32, 31, 32, 30, 32, 32, 32, 31, 32, 32, 31, 32, 31, 31, 32, 32, 32, 32, 32, 30, 31, 31, 31, 30, 30, 32, 32, 32, 32, 32, 32, 30]
Levels: [34, 34, 34, 34, 33, 34, 34, 34, 34, 34, 34, 34, 34, 34, 34, 34, 34, 34, 34, 34, 34, 34, 34, 34, 34, 34, 34, 34, 34, 34, 34, 34, 34, 34, 34, 32, 34, 34, 34, 34, 33, 34, 34, 34, 34, 34, 34, 34, 34, 34, 34, 34, 34, 34, 34, 34, 34, 34, 34, 34, 34, 34, 34, 34, 34, 34, 34, 34, 34, 34, 34, 34, 34, 34, 33, 34, 34, 34, 34, 34, 34, 34, 34, 33, 34, 34, 34, 34, 33, 34, 34, 34, 34, 34, 34, 34, 34, 34, 34, 34, 34, 33, 34, 34, 34, 34, 34, 34, 34, 34, 34, 34]
Levels: [34, 34, 34, 34, 33, 34, 34, 34, 34, 34, 34, 34, 34, 34, 34, 34, 34, 34, 34, 34, 34, 34, 34, 34, 34, 34, 34, 34, 34, 34, 34, 34, 34, 34, 34, 32, 34, 34, 34, 34, 33, 34, 34, 34, 34, 34, 34, 34, 34, 34, 34, 34, 34, 34, 34, 34, 34, 34, 34, 34, 34, 34, 34, 34, 34, 34, 34, 34, 34, 34, 34, 34, 34, 34, 33, 34, 34, 34, 34, 34, 34, 34, 34, 33, 34, 34, 34, 34, 33, 34, 34, 34, 34, 34, 34, 34, 34, 34, 34, 34, 34, 33, 34, 34, 34, 34, 34, 34, 34, 34, 34, 34]
Progress(34) at 2020-05-05 16:38:28: 1,489,984,937 states generated (756,268,839 s/min), 214,200,213 distinct states found (102,644,861 ds/min), 16,271,000,000 states left on queue.
Levels: [34, 34, 34, 34, 33, 34, 34, 34, 34, 34, 34, 34, 34, 34, 34, 34, 34, 34, 34, 34, 34, 34, 34, 34, 34, 34, 34, 34, 34, 34, 34, 34, 34, 34, 34, 32, 34, 34, 34, 34, 33, 34, 34, 34, 34, 34, 34, 34, 34, 34, 34, 34, 34, 34, 34, 34, 34, 34, 34, 34, 34, 34, 34, 34, 34, 34, 34, 34, 34, 34, 34, 34, 34, 34, 33, 34, 34, 34, 34, 34, 34, 34, 34, 33, 34, 34, 34, 34, 33, 34, 34, 34, 34, 34, 34, 34, 34, 34, 34, 34, 34, 33, 34, 34, 34, 34, 34, 34, 34, 34, 34, 34]
Levels: [35, 35, 35, 35, 35, 35, 35, 35, 35, 35, 35, 35, 35, 35, 35, 35, 35, 35, 35, 35, 35, 35, 35, 35, 35, 35, 35, 35, 35, 35, 35, 35, 35, 35, 35, 35, 35, 35, 35, 35, 35, 35, 35, 35, 35, 35, 35, 35, 35, 35, 35, 35, 35, 35, 35, 35, 35, 35, 35, 35, 35, 35, 35, 35, 35, 35, 35, 35, 35, 35, 35, 35, 35, 35, 35, 35, 35, 35, 35, 35, 35, 35, 35, 35, 35, 35, 35, 35, 35, 35, 35, 35, 35, 35, 35, 35, 35, 35, 35, 35, 35, 35, 35, 35, 35, 35, 35, 35, 35, 35, 35, 35]
Levels: [35, 35, 35, 35, 35, 35, 35, 35, 35, 35, 35, 35, 35, 35, 35, 35, 35, 35, 35, 35, 35, 35, 35, 35, 35, 35, 35, 35, 35, 35, 35, 35, 35, 35, 35, 35, 35, 35, 35, 35, 35, 35, 35, 35, 35, 35, 35, 35, 35, 35, 35, 35, 35, 35, 35, 35, 35, 35, 35, 35, 35, 35, 35, 35, 35, 35, 35, 35, 35, 35, 35, 35, 35, 35, 35, 35, 35, 35, 35, 35, 35, 35, 35, 35, 35, 35, 35, 35, 35, 35, 35, 35, 35, 35, 35, 35, 35, 35, 35, 35, 35, 35, 35, 35, 35, 35, 35, 35, 35, 35, 35, 35]
Progress(35) at 2020-05-05 16:39:28: 2,223,454,968 states generated (733,470,031 s/min), 315,322,313 distinct states found (101,122,100 ds/min), 22,021,000,000 states left on queue.
Levels: [35, 35, 35, 35, 35, 35, 35, 35, 35, 35, 35, 35, 35, 35, 35, 35, 35, 35, 35, 35, 35, 35, 35, 35, 35, 35, 35, 35, 35, 35, 35, 35, 35, 35, 35, 35, 35, 35, 35, 35, 35, 35, 35, 35, 35, 35, 35, 35, 35, 35, 35, 35, 35, 35, 35, 35, 35, 35, 35, 35, 35, 35, 35, 35, 35, 35, 35, 35, 35, 35, 35, 35, 35, 35, 35, 35, 35, 35, 35, 35, 35, 35, 35, 35, 35, 35, 35, 35, 35, 35, 35, 35, 35, 35, 35, 35, 35, 35, 35, 35, 35, 35, 35, 35, 35, 35, 35, 35, 35, 35, 35, 35]
Levels: [36, 36, 36, 36, 36, 36, 36, 36, 36, 36, 36, 36, 36, 36, 36, 36, 36, 36, 36, 36, 36, 36, 36, 36, 36, 36, 36, 36, 36, 36, 36, 36, 36, 36, 36, 36, 36, 36, 36, 36, 36, 36, 36, 36, 36, 36, 36, 36, 36, 36, 36, 36, 36, 36, 36, 36, 36, 36, 36, 36, 36, 36, 36, 36, 36, 36, 36, 36, 36, 36, 36, 36, 36, 36, 36, 36, 36, 36, 36, 36, 36, 36, 36, 36, 36, 36, 36, 36, 36, 36, 36, 36, 36, 36, 36, 36, 36, 36, 36, 36, 36, 36, 36, 36, 36, 36, 36, 36, 36, 36, 36, 36]
Levels: [36, 36, 36, 36, 36, 36, 36, 36, 36, 36, 36, 36, 36, 36, 36, 36, 36, 36, 36, 36, 36, 36, 36, 36, 36, 36, 36, 36, 36, 36, 36, 36, 36, 36, 36, 36, 36, 36, 36, 36, 36, 36, 36, 36, 36, 36, 36, 36, 36, 36, 36, 36, 36, 36, 36, 36, 36, 36, 36, 36, 36, 36, 36, 36, 36, 36, 36, 36, 36, 36, 36, 36, 36, 36, 36, 36, 36, 36, 36, 36, 36, 36, 36, 36, 36, 36, 36, 36, 36, 36, 36, 36, 36, 36, 36, 36, 36, 36, 36, 36, 36, 36, 36, 36, 36, 36, 36, 36, 36, 36, 36, 36]
Progress(36) at 2020-05-05 16:40:28: 2,956,471,154 states generated (733,016,186 s/min), 417,578,184 distinct states found (102,255,871 ds/min), 27,606,000,000 states left on queue.
Levels: [36, 36, 36, 36, 36, 36, 36, 36, 36, 36, 36, 36, 36, 36, 36, 36, 36, 36, 36, 36, 36, 36, 36, 36, 36, 36, 36, 36, 36, 36, 36, 36, 36, 36, 36, 36, 36, 36, 36, 36, 36, 36, 36, 36, 36, 36, 36, 36, 36, 36, 36, 36, 36, 36, 36, 36, 36, 36, 36, 36, 36, 36, 36, 36, 36, 36, 36, 36, 36, 36, 36, 36, 36, 36, 36, 36, 36, 36, 36, 36, 36, 36, 36, 36, 36, 36, 36, 36, 36, 36, 36, 36, 36, 36, 36, 36, 36, 36, 36, 36, 36, 36, 36, 36, 36, 36, 36, 36, 36, 36, 36, 36]
Model checking completed. No error has been found.
  Estimates of the probability that TLC did not check all reachable states
  because two distinct states had the same fingerprint:
  calculated (optimistic):  val = .086
3616404407 states generated, 509182223 distinct states found, 124425000000 states left on queue.
Levels: [37, 37, 37, 37, 37, 37, 37, 37, 37, 37, 37, 37, 37, 37, 37, 37, 37, 37, 37, 37, 37, 37, 37, 37, 37, 37, 37, 37, 37, 37, 37, 37, 37, 37, 37, 37, 37, 37, 37, 37, 37, 37, 37, 37, 37, 37, 37, 37, 37, 37, 37, 37, 37, 37, 37, 37, 37, 37, 37, 37, 37, 37, 37, 37, 37, 37, 37, 37, 37, 37, 37, 37, 37, 37, 37, 37, 37, 37, 37, 37, 37, 37, 37, 37, 37, 37, 37, 37, 37, 37, 37, 37, 37, 37, 37, 37, 37, 37, 37, 37, 37, 37, 37, 37, 37, 37, 37, 37, 37, 37, 37, 37]
The depth of the complete state graph search is 37.
The average outdegree of the complete state graph is 1 (minimum is 0, the maximum 31 and the 95th percentile is 5).
Finished in 304975ms at (2020-05-05 16:41:27)
