Started recording 1. No limit specified, using maxsize=250MB as default.

Use jcmd 55420 JFR.dump name=1 to copy recording data to file.
TLC2 Version 2.15 of Day Month 20?? (rev: 89d72ba)
Running breadth-first search Model-Checking with fp 11 and seed -1287243495038879467 with 104 workers on 128 cores with 27305MB heap and 65536MB offheap memory [pid: 55420] (Linux 5.3.0-1020-azure amd64, Azul Systems, Inc. 14.0.1 x86_64, OffHeapDiskFPSet, DiskStateQueue).
Parsing file /mnt/markus/tlc-scalability/2020-05-05_m128/MC.tla
Parsing file /mnt/markus/tlc-scalability/2020-05-05_m128/Bakery.tla
Parsing file /tmp/TLC.tla
Parsing file /tmp/Naturals.tla
Parsing file /tmp/Sequences.tla
Parsing file /tmp/FiniteSets.tla
Semantic processing of module Naturals
Semantic processing of module Sequences
Semantic processing of module FiniteSets
Semantic processing of module TLC
Semantic processing of module Bakery
Semantic processing of module MC
Starting... (2020-05-05 21:44:12)
Loaded PageQueue (MemLimit=512, PageSize=8192)

Computing initial states...
Finished computing initial states: 1 distinct state generated at 2020-05-05 21:44:15.
Levels: [14, 18, 18, 20, 6, 7, 20, 21, 20, 11, 21, 13, 14, 18, 15, 15, 16, 15, 16, 16, 17, 18, 16, 16, 17, 16, 17, 18, 18, 17, 17, 16, 17, 18, 16, 17, 17, 16, 17, 19, 18, 17, 17, 17, 18, 18, 17, 18, 18, 19, 17, 18, 18, 19, 19, 18, 20, 17, 18, 18, 19, 20, 17, 18, 18, 19, 19, 18, 19, 19, 19, 20, 20, 18, 19, 18, 20, 19, 18, 19, 0, 20, 19, 19, 20, 18, 18, 19, 20, 21, 0, 19, 18, 18, 19, 0, 19, 20, 19, 0, 18, 21, 19, 0]
Levels: [14, 18, 18, 20, 6, 7, 20, 21, 20, 11, 21, 13, 14, 18, 15, 15, 16, 15, 16, 16, 17, 18, 16, 16, 17, 16, 17, 18, 18, 17, 17, 16, 17, 18, 16, 17, 17, 16, 17, 19, 18, 17, 17, 17, 18, 18, 17, 18, 18, 19, 17, 18, 18, 19, 19, 18, 20, 17, 18, 18, 19, 20, 17, 18, 18, 19, 19, 18, 19, 19, 19, 20, 20, 18, 19, 18, 20, 19, 18, 19, 0, 20, 19, 19, 20, 18, 18, 19, 20, 21, 0, 19, 18, 18, 19, 0, 19, 20, 19, 0, 18, 21, 19, 0]
Progress(21) at 2020-05-05 21:44:18: 3,762,404 states generated (3,762,404 s/min), 884,976 distinct states found (884,976 ds/min), 90,000 states left on queue.
Levels: [14, 18, 18, 20, 6, 7, 20, 21, 20, 11, 21, 13, 14, 18, 15, 15, 16, 15, 16, 16, 17, 18, 16, 16, 17, 16, 17, 18, 18, 17, 17, 16, 17, 18, 16, 17, 17, 16, 17, 19, 18, 17, 17, 17, 18, 18, 17, 18, 18, 19, 17, 18, 18, 19, 19, 18, 20, 17, 18, 18, 19, 20, 17, 18, 18, 19, 19, 18, 19, 19, 19, 20, 20, 18, 19, 18, 20, 19, 18, 19, 0, 20, 19, 19, 20, 18, 18, 19, 20, 21, 0, 19, 18, 18, 19, 0, 19, 20, 19, 0, 18, 21, 19, 0]
Levels: [30, 29, 29, 29, 29, 29, 29, 29, 29, 29, 29, 29, 30, 29, 29, 29, 29, 29, 29, 29, 29, 29, 30, 29, 29, 29, 29, 29, 29, 29, 29, 29, 29, 29, 29, 29, 29, 30, 30, 29, 29, 30, 29, 29, 29, 30, 29, 29, 30, 29, 29, 29, 29, 29, 30, 29, 29, 29, 30, 29, 29, 30, 29, 29, 29, 29, 29, 30, 29, 29, 29, 30, 29, 29, 30, 29, 29, 29, 30, 29, 29, 30, 29, 29, 29, 29, 29, 29, 29, 30, 29, 29, 29, 29, 30, 29, 28, 29, 29, 29, 30, 30, 29, 29]
Levels: [30, 29, 29, 29, 29, 29, 29, 29, 29, 29, 29, 29, 30, 29, 29, 29, 29, 29, 29, 29, 29, 29, 30, 29, 29, 29, 29, 29, 29, 29, 29, 29, 29, 29, 29, 29, 29, 30, 30, 29, 29, 30, 29, 29, 29, 30, 29, 29, 30, 29, 29, 29, 29, 29, 30, 29, 29, 29, 30, 29, 29, 30, 29, 29, 29, 29, 29, 30, 29, 29, 29, 30, 29, 29, 30, 29, 29, 29, 30, 29, 29, 30, 29, 29, 29, 29, 29, 29, 29, 30, 29, 29, 29, 29, 30, 29, 28, 29, 29, 29, 30, 30, 29, 29]
Progress(30) at 2020-05-05 21:45:18: 688,712,230 states generated (684,949,826 s/min), 104,852,373 distinct states found (103,967,397 ds/min), 4,595,000,000 states left on queue.
Levels: [30, 29, 29, 29, 29, 29, 29, 29, 29, 29, 29, 29, 30, 29, 29, 29, 29, 29, 29, 29, 29, 29, 30, 29, 29, 29, 29, 29, 29, 29, 29, 29, 29, 29, 29, 29, 29, 30, 30, 29, 29, 30, 29, 29, 29, 30, 29, 29, 30, 29, 29, 29, 29, 29, 30, 29, 29, 29, 30, 29, 29, 30, 29, 29, 29, 29, 29, 30, 29, 29, 29, 30, 29, 29, 30, 29, 29, 29, 30, 29, 29, 30, 29, 29, 29, 29, 29, 29, 29, 30, 29, 29, 29, 29, 30, 29, 28, 29, 29, 29, 30, 30, 29, 29]
Levels: [31, 31, 31, 31, 31, 31, 31, 31, 31, 31, 31, 31, 31, 31, 31, 31, 31, 31, 31, 31, 31, 31, 31, 31, 31, 31, 31, 31, 31, 31, 31, 31, 31, 31, 31, 31, 31, 31, 31, 31, 31, 31, 31, 31, 31, 31, 31, 31, 31, 31, 31, 31, 31, 31, 31, 31, 31, 31, 31, 31, 31, 31, 31, 31, 31, 31, 31, 31, 31, 31, 31, 31, 31, 31, 31, 31, 31, 31, 31, 31, 31, 31, 31, 31, 31, 31, 31, 31, 31, 31, 31, 31, 31, 31, 31, 31, 31, 31, 31, 31, 31, 31, 31, 31]
Levels: [31, 31, 31, 31, 31, 31, 31, 31, 31, 31, 31, 31, 31, 31, 31, 31, 31, 31, 31, 31, 31, 31, 31, 31, 31, 31, 31, 31, 31, 31, 31, 31, 31, 31, 31, 31, 31, 31, 31, 31, 31, 31, 31, 31, 31, 31, 31, 31, 31, 31, 31, 31, 31, 31, 31, 31, 31, 31, 31, 31, 31, 31, 31, 31, 31, 31, 31, 31, 31, 31, 31, 31, 31, 31, 31, 31, 31, 31, 31, 31, 31, 31, 31, 31, 31, 31, 31, 31, 31, 31, 31, 31, 31, 31, 31, 31, 31, 31, 31, 31, 31, 31, 31, 31]
Progress(31) at 2020-05-05 21:46:18: 1,404,280,415 states generated (715,568,185 s/min), 200,643,461 distinct states found (95,791,088 ds/min), 7,747,000,000 states left on queue.
Levels: [31, 31, 31, 31, 31, 31, 31, 31, 31, 31, 31, 31, 31, 31, 31, 31, 31, 31, 31, 31, 31, 31, 31, 31, 31, 31, 31, 31, 31, 31, 31, 31, 31, 31, 31, 31, 31, 31, 31, 31, 31, 31, 31, 31, 31, 31, 31, 31, 31, 31, 31, 31, 31, 31, 31, 31, 31, 31, 31, 31, 31, 31, 31, 31, 31, 31, 31, 31, 31, 31, 31, 31, 31, 31, 31, 31, 31, 31, 31, 31, 31, 31, 31, 31, 31, 31, 31, 31, 31, 31, 31, 31, 31, 31, 31, 31, 31, 31, 31, 31, 31, 31, 31, 31]
Levels: [32, 32, 32, 32, 32, 32, 32, 32, 32, 32, 32, 32, 32, 32, 32, 32, 32, 32, 32, 32, 32, 32, 32, 32, 32, 32, 32, 32, 32, 32, 32, 32, 32, 32, 32, 32, 32, 32, 32, 32, 32, 32, 32, 32, 32, 32, 32, 32, 32, 32, 32, 32, 32, 32, 32, 32, 32, 32, 32, 32, 32, 32, 32, 32, 32, 32, 32, 32, 32, 32, 32, 32, 32, 32, 32, 32, 32, 32, 32, 32, 32, 32, 32, 32, 32, 32, 32, 32, 32, 32, 32, 32, 32, 32, 32, 32, 32, 32, 32, 32, 32, 32, 32, 32]
Levels: [32, 32, 32, 32, 32, 32, 32, 32, 32, 32, 32, 32, 32, 32, 32, 32, 32, 32, 32, 32, 32, 32, 32, 32, 32, 32, 32, 32, 32, 32, 32, 32, 32, 32, 32, 32, 32, 32, 32, 32, 32, 32, 32, 32, 32, 32, 32, 32, 32, 32, 32, 32, 32, 32, 32, 32, 32, 32, 32, 32, 32, 32, 32, 32, 32, 32, 32, 32, 32, 32, 32, 32, 32, 32, 32, 32, 32, 32, 32, 32, 32, 32, 32, 32, 32, 32, 32, 32, 32, 32, 32, 32, 32, 32, 32, 32, 32, 32, 32, 32, 32, 32, 32, 32]
Progress(32) at 2020-05-05 21:47:18: 2,104,588,544 states generated (700,308,129 s/min), 295,480,533 distinct states found (94,837,072 ds/min), 10,447,000,000 states left on queue.
Levels: [32, 32, 32, 32, 32, 32, 32, 32, 32, 32, 32, 32, 32, 32, 32, 32, 32, 32, 32, 32, 32, 32, 32, 32, 32, 32, 32, 32, 32, 32, 32, 32, 32, 32, 32, 32, 32, 32, 32, 32, 32, 32, 32, 32, 32, 32, 32, 32, 32, 32, 32, 32, 32, 32, 32, 32, 32, 32, 32, 32, 32, 32, 32, 32, 32, 32, 32, 32, 32, 32, 32, 32, 32, 32, 32, 32, 32, 32, 32, 32, 32, 32, 32, 32, 32, 32, 32, 32, 32, 32, 32, 32, 32, 32, 32, 32, 32, 32, 32, 32, 32, 32, 32, 32]
Levels: [33, 33, 33, 33, 33, 33, 33, 33, 33, 33, 33, 33, 33, 33, 33, 33, 33, 33, 33, 33, 33, 33, 33, 33, 33, 33, 33, 33, 33, 33, 33, 33, 33, 33, 33, 33, 33, 33, 33, 33, 33, 33, 33, 33, 33, 33, 33, 33, 33, 33, 33, 33, 33, 33, 33, 33, 33, 33, 33, 33, 33, 33, 33, 33, 33, 33, 33, 33, 33, 33, 33, 33, 33, 33, 33, 33, 33, 33, 33, 33, 33, 33, 33, 33, 33, 33, 33, 33, 33, 33, 33, 33, 33, 33, 33, 33, 33, 33, 33, 33, 33, 33, 33, 33]
Levels: [33, 33, 33, 33, 33, 33, 33, 33, 33, 33, 33, 33, 33, 33, 33, 33, 33, 33, 33, 33, 33, 33, 33, 33, 33, 33, 33, 33, 33, 33, 33, 33, 33, 33, 33, 33, 33, 33, 33, 33, 33, 33, 33, 33, 33, 33, 33, 33, 33, 33, 33, 33, 33, 33, 33, 33, 33, 33, 33, 33, 33, 33, 33, 33, 33, 33, 33, 33, 33, 33, 33, 33, 33, 33, 33, 33, 33, 33, 33, 33, 33, 33, 33, 33, 33, 33, 33, 33, 33, 33, 33, 33, 33, 33, 33, 33, 33, 33, 33, 33, 33, 33, 33, 33]
Progress(33) at 2020-05-05 21:48:18: 2,818,614,668 states generated (714,026,124 s/min), 392,527,585 distinct states found (97,047,052 ds/min), 13,142,000,000 states left on queue.
Levels: [33, 33, 33, 33, 33, 33, 33, 33, 33, 33, 33, 33, 33, 33, 33, 33, 33, 33, 33, 33, 33, 33, 33, 33, 33, 33, 33, 33, 33, 33, 33, 33, 33, 33, 33, 33, 33, 33, 33, 33, 33, 33, 33, 33, 33, 33, 33, 33, 33, 33, 33, 33, 33, 33, 33, 33, 33, 33, 33, 33, 33, 33, 33, 33, 33, 33, 33, 33, 33, 33, 33, 33, 33, 33, 33, 33, 33, 33, 33, 33, 33, 33, 33, 33, 33, 33, 33, 33, 33, 33, 33, 33, 33, 33, 33, 33, 33, 33, 33, 33, 33, 33, 33, 33]
Model checking completed. No error has been found.
  Estimates of the probability that TLC did not check all reachable states
  because two distinct states had the same fingerprint:
  calculated (optimistic):  val = .077
3457215744 states generated, 480027923 distinct states found, 58708000000 states left on queue.
Levels: [34, 34, 34, 34, 34, 34, 34, 34, 34, 34, 34, 34, 34, 34, 34, 34, 34, 34, 34, 34, 34, 34, 34, 34, 34, 34, 34, 34, 34, 34, 34, 34, 34, 34, 34, 34, 34, 34, 34, 34, 33, 34, 34, 34, 34, 34, 34, 34, 34, 34, 34, 34, 34, 34, 34, 34, 34, 34, 34, 34, 34, 34, 34, 34, 34, 34, 34, 34, 34, 33, 34, 34, 34, 34, 34, 34, 34, 34, 34, 34, 34, 34, 34, 34, 34, 34, 34, 34, 34, 34, 34, 34, 34, 34, 34, 34, 34, 34, 34, 34, 34, 34, 34, 34]
The depth of the complete state graph search is 34.
The average outdegree of the complete state graph is 1 (minimum is 0, the maximum 30 and the 95th percentile is 5).
Finished in 304219ms at (2020-05-05 21:49:16)
